00010110010101111000101100001100100111111100010101011101111111100110111101011100011
00010110010101111000101100001100100110111100010101011101111111100110111101011100011
00011110010001111000101100001100100010000100010001001101111111100100111000011000011
00011110010001111000101100001100100011100100010001001101111111100110111001011000011
00011110010001111000101100001100100011000100010001001101111111100100111000011000011
00011110010001111000001111001100100011000100010001001101111111100100111000011001011
00010110010101111000001111001100100110111100010101011101111111100110111101011101011
00011110010001111000101100001100100010100100010001001101111111100110111001011000011
00011110010001111000001111001100100010100100010001001101111111100110111001011001011
00010110010101111000001111001100100111111100010101011101111111100110111101011101011
00011110010001111000001111001100100010000100010001001101111111100100111000011001011
00011110010001111000001111001100100011100100010001001101111111100110111001011001011
01000001100000000000100000000000000000100010111000001001110000001011100001000000000
