01100001100100000000100100000000101100111010110100111011010000001111100101100100001
01000001100100000000100000000000101100111010111100111010110000001011100101100100000

01000001100100000000100000000000101100111010111100111010110000001011100101100100000
01100001100100000000100100000000101100111010110100111011010000001111100101100100001

01100001100000000000100100000000100001100010110000001011110000001111100001100000001
01000001100000000000100000000000100001100010111000001011110000001011100001100000000

01000001100100000000100000000000101101111010111100111010110000001011100101100100000
01100001100100000000100100000000101101111010110100111011010000001111100101100100001

01100001100100000000100100000000101101111010110100111011010000001111100101100100001
01000001100100000000100000000000101101111010111100111010110000001011100101100100000

01000001100100000000100000000000111100111010111100111000110000001011100101000100000
01100001100100000000100100100000101100111010110100111001000000001111000101000100001

01100001100000000000100100000000100000100010110000001011110000001111100001100000001
01000001100000000000100000000000100000100010111000001011110000001011100001100000000

01000001100100000100100000110000011100111010111100111000000000011011000101000101000
01000001100100000010100000110000011100111010111100111000000000001011000111000100010
01000001100100000010100010010000001100111010111101111000000000001011000101000100000
01010001100100000001011111100000001110111010110100111000000000011111000101000101011
01000001100100000100000000100000011100111010111100111000100000011011000101000101000

01000001100000000000100000000000100001100010111000001011110000001011100001100000000
01100001100000000000100100000000100001100010110000001011110000001111100001100000001

01000001100100000000100000000000111101111010111100111000110000001011100101000100000
01100001100100000000100100100000101101111010110100111001000000001111000101000100001

01000001100000000000100000000000100000100010111000001011110000001011100001100000000
01100001100000000000100100000000100000100010110000001011110000001111100001100000001

01100001100100000000100100100000101100111010110100111001000000001111000101000100001
01000001100100000000100000000000111100111010111100111000110000001011100101000100000

01100001100000000000100100000000100001100010110000001001110000001111100001000000001
01000001100000000000100000000000100001100010111000001001110000001011100001000000000

01010001100100000001011111100000001110111010110100111000000000011111000101000101011
01000001100100000100000000100000011100111010111100111000100000011011000101000101000
01000001100100000100100000110000011100111010111100111000000000011011000101000101000
01000001100100000010100000110000011100111010111100111000000000001011000111000100010
01000001100100000010100010010000001100111010111101111000000000001011000101000100000

01100001100000000000100100000000100000100010110000001001110000001111100001000000001
01000001100000000000100000000000100000100010111000001001110000001011100001000000000

01000001100000000000100000000000100001100010111000001001110000001011100001000000000
01100001100000000000100100000000100001100010110000001001110000001111100001000000001

01100001100100000000100100100000101101111010110100111001000000001111000101000100001
01000001100100000000100000000000111101111010111100111000110000001011100101000100000

01000001100000000000100000000000100000100010111000001001110000001011100001000000000
01100001100000000000100100000000100000100010110000001001110000001111100001000000001

01000001100100000010100000110000011100111010111100111000000000001011000111000100010
01000001100100000010100010010000001100111010111101111000000000001011000101000100000
01010001100100000001011111100000001110111010110100111000000000011111000101000101011
01000001100100000100000000100000011100111010111100111000100000011011000101000101000
01000001100100000100100000110000011100111010111100111000000000011011000101000101000

01000001100100000010100010010000001100111010111101111000000000001011000101000100000
01010001100100000001011111100000001110111010110100111000000000011111000101000101011
01000001100100000100000000100000011100111010111100111000100000011011000101000101000
01000001100100000100100000110000011100111010111100111000000000011011000101000101000
01000001100100000010100000110000011100111010111100111000000000001011000111000100010

