0010100011011111000101000001110011111000101010111101111111101111111101011100111
0011100011001111000101000001100000001000100010011101111111100100111000010001111
0010100011011111000101000001100011111000101010111101111111101111111101011000111
0011100011001111000101000001100000001000100010011101111111100100111000010000111
0011100011001111000101000001110000001000100010011101111111100100111000010100111
0010100011011111000101000001110011111000101010111101111111101111111101011101111
0010100011011111000001011001100011111000101010111101111111101111111101011010111
0010100011011111000001011001100011111000101010111101111111101111111101011011111
0100001100010000000100000000000111110101111001110010010000001011100101101000000
0010100011011111000001011001110011111000101010111101111111101111111101011111111
0011100011001111000101000001110001001000100010011101111111101111111001010101111
0100001101000010000100000000010001000101110000010011110000001011100001100100000
0011100011001111000101000001110000001000100010011101111111100100111000010101111
0011100011001111000101000001100001001000100010011101111111101111111001010001111
0010100011011111000101000001100011111000101010111101111111101111111101011001111
0010100011011111000001011001110011111000101010111101111111101111111101011110111
0011100011001111000101000001100001001000100010011101111111101111111001010000111
0011100011001111000101000001110001001000100010011101111111101111111001010100111
0011100011001111000001011001110000001000100010011101111111100100111000010110111
0011100011001111000001011001110001001000100010011101111111101111111001010111111
0011100011001111000001011001100001001000100010011101111111101111111001010011111
0011100011001111000001011001110000001000100010011101111111100100111000010111111
0011100011001111000001011001110001001000100010011101111111101111111001010110111
0100001101010010000100000000010111110101111001110010010000001011100101101100000
0100001100000000000100000000000001000101110000010011110000001011100001100000000
0011100011001111000001011001100001001000100010011101111111101111111001010010111
0011100011001111000001011001100000001000100010011101111111100100111000010011111
0011100011001111000001011001100000001000100010011101111111100100111000010010111
0100001100000000000100000000000001000101110000010001110000001011100001000000000
0100001101000010000100000000010001000101110000010001110000001011100001000100000
