01000001100000000000100000000000000000100010111000001001110000001011100001000000000

00010001100100000000001100000010000110100100110100011000110000001111100101000001011
01000001100100010000100000000000000100100010111100111001110000001011100001000000000
01000001110000000000100000000000001100100010111000111001010000001011100001000000000
01000011100000000000100000001000001000100010111000001000110000001011100001001000000
01000001100000000000100000000000000000100000111000001001110000001011100001000000000
01000001100000000000100000000000000000100010111000001001110000001011100001000000000
00011000000000000000101100000110001110100110010001011000110100101111100101010000011
01010101100100010000101100001000000010100010110100001001110000001111100001001000011
01000001110000000000100000000000000100100000111000111001110000001011100001000000000
01000011100000000000100000001000001000100010111000001001110000001011100001001000000
10110111100110010100101100001101001110100110110101011101110100110111100101011000011
00010000011100000000101100000000000110100100010100011001110000001111100001000000011
01000111100000000000100000001000000100100010111000111001110000001011100001001000000
01000001100000000000100000000000001000100000111000001001110000001011100001000000000
00010101100100010000101100001000001000100110100100001101110000000111100001001000011
00001000011000000000100000000000000100100100010000011001110000001011100001000000000
01000111100000000000100000001000000000100010111000001001110000001011100001001000000
00010001100000000011011111000000001110100110100000011000100000010111000001000001011
00000001100000000100000000000000010000100110010000011001110000011011100001000001000
01000001100000000100100000000000000000100010111000001001110000011011100001000001000
01000111100100000000100000001000000100100010100100111100110000001011100101001000000
01000000000100000000100000100000001100100000011100111001000000001011000001000000000
01000101100000000000100000001000011100100010111000111000010000001011100001001000000
01000001100000000000100000100000001000100000111000001000100000001011000001000000000
01000111100100010010000011001000000100100010111101111001110100101011100001001001000
01010001110000000001011111000000001110100000110000111001100000011111000001000001011
01000011100000000100000000001000011000100010011000111001110000011011100001001001000
01000001100000000100100000000000001000100000111000001001110000011011100001000001000
00011000010000000000001100000110001110100110100001011000010000000100100001010001011
00010111100000010000101100001000000010100110110000001000110000000111100001001000011
00001000011000000000100000000000000000100100110000001001110000001011100001000000000
00000001100100010001010000001000001100100110110100011101110000000010100101000001000
00000000011100000000100000000000000100100110010100011001010000000011100001000000000
00000111100000000000100000001000000100100110110000011000010000001011100001001000000
01000001100000000000100000000000000000100000111000001000110000001011100001000000000
00010001100000000000001100000110000110100110100001011000110000000111100001010001011
00010001100000010000101100000000000010100110110000001001110000001111100001000000011
01000001110000000000100000000000000000100010111000001001110000001011100001000000000
01000011100000000000100000001000000000100010111000001001110000001011100001001000000
00010000010000000000011101001110010110100110010001111000100100110100000111010001011
00010111100100010100001100011000011010100110010100011001110000010111100011001001011
00001000011000000100100000000000000100100100110001011001110000011011100001000001000
01010111100000000000101100001000000010100010110000001001110000001111100001001000011
00010000001000000000101100001110000010100110010001001001110000001111100101010000011
01010111100100010000101100001000000010100010110100001001110000001111100001001000011
00000001100000000000000000000010000100100100110001011000010000001010100001000001000
00010001100000010000101100000000000010100110110000001000110000000111100001000000011
00001000011000000000100000000000000000100110110000001001110000001011100001000000000
00010000000000000001011111000100001110100110000001011000100000010111000101010001011
00010101100100000100001100001000010010100110010100011001110000011111100001001001011
01000001100000000100100000000000000100100000111000111001110000011011100001000001000
01000001100000000000100000000000001000100010111000001001110000001011100001000000000
10000000011100000100100000001010001100100110110101011001110100110011100101000001000
00010111100100010000101100001000000110100110110100011001110000001111100001001000011
00000001110100000000100000000000010100100100110101111000010000000010100011000000010
00010011100000000000101100001000001110100110110001011000010000000111100001001000011
00010001100000000000101100000000000010100100110000001000110000001111100001000000011
00010001100000000000001100000100000110100100110001011001110100101100100001010001011
00010001100000000000101100000000000010100110110000001001110000000111100001000000011
00001000001000000000100000000000000000100110110000001001110000001011100001000000000
00000111100100010000100000001000001000100110100101001100110000001010100001001000000
00011000011000000000101100000000000110100100010000011001010000000111100001000000011
00000111100000000000100000001000000000100110110000001000110000001011100001001000000
00010000010000000001001100000110000110100110000001011000110000001100100101010001011
00010111100100010000101100001000000010100110110100001001110000000111100001001000011
00001000011000000000100000000000000100100100110000011001110000001011100001000000000
00010000001000000000001100101110000110100110110001011001101111100111011101010001011
00010111100100010000101100001000010010100110010100011101110100101110100001001000011
00001000011000000000100000000000000100100100010000011001110000000011100001000000000
00000111100000000000100000001000000000100110110000001001110000001011100001001000000
00000000010000000000100000000010010100100100110001111001010000000011100011000000010
00010111100000010000101100001000001010100110110001001000110000001111100001001000011
01010001110000000000101100000000000010100000110000001001110000001111100001000000011
00010000010000000000001100000100000110100100000001011000110000000100100101010001011
00010111100100000000101100001000000010100110110100001001110000000111100001001000011
00001000001000000000100000000000000100100100110000011001110000001011100001000000000
01000101100100000010000011001000000100100010111101111000110000001010100101001001000
00010001100100000001011111100000001110100100110100011001000000010111000001000001011
00000001100000000100000000000000010100100110110000111000110000011011100001000001000
01000001100000000100100000100000001000100010111000001001100000011011000001000001000
00011000000100000000011101101100000110100110000101011000100000010111000101010001011
00010101100100000100001100101000010110100110110100111001100000011111000001001001011
01000001100000000100100000010000011100100000111000111001110000011011100001000001000
01000001100000000010100000000000001000100010111000001001110000001011100001000000000
00111000000110000000101100001101001110100100110101011000110100100110100001010000011
00010101100000001000101100001000000110100110110000011001110000000111100001001000011
00000001100000000000100000000000000000100100110000001001110000001011100001000000000
01110011100110010000001100001101001010100010110101001100110100101110100001011001011
00011000010000000000101100000000000110100100010000011001110000000111100001000000011
00000000010100000000100000001010000100100110100101011001110000000010100101000000000
00010111100100010000101100001000000110100110110100011001010000000111100001001000011
00000001110000000000100000000000000100100100110000011000110000001011100001000000000
00000001100100000000100000100000000000100110100100001000100000000011000101000000000
00001000001100000000100000000000000100100110110100011001010000001011100001000000000
01000111100000000000100000001000000100100010111000111000010000001011100001001000000
00110001100010000000001100000101001010100110110001001100110100100111100001010001011
00011000001000000000101100000000000010100110010000001001110000001111100001000000011
01010000000100001100001100001010000010100010000100001001110000011111100001000001011
01000101100000010100100000001000000100100010111000111001110000011011100001001001000
01000001110000000000100000000000001000100000111000001001110000001011100001000000000
00010101100100010110001100001100000110100110110100011100110100110111100101011001011
00010000011100000100101100000000000100100100010100011001110000011111100001000001011
10010101100100010000101100001100000110100110100101011101110000000110100101011000011
00010000011100000000101100000000000110100100010100011001110000000111100001000000011
00000111100000000000100000001000000100100110110000011001110000001011100001001000000
00010000010000000000101100001100000110100110000000011001010000000110100001010000011
00010111100000000000101100001000000000100110110000001000110000000111100001001000011
00001000001000000000100000000000000000100100110000001001110000001011100001000000000
00010111100000000000101100001100001110100110110001011000110100101110100101011000011
00010001100100000000101100000000000010100100110100001001110000000111100001000000011
00001000001000000000100000000000000100100110110000011001110000001011100001000000000
00010101100100001011001100001100000010100110110101001000110100100111100101011001011
00011000001100000000101100000000000110100100110100011001110000001111100001000000011
10001000001000001011010011000010001100100110110011011001100000011010000101000001000
10010111100100010101011100001000010010100110010100011001010000010111100001001001011
10001000011000000100100000000000000100100100110000011000110000011011100001000001000
01001000000100000000000000000010001100100000111101111000110000001010100101000001000
00010101100100010000101100101000001110100110110100011001000000000111000001001000011
00000001110000000000100000000000010100100100110000111000110000001011100001000000000
01000011100000000000100000101000001000100010111000001001100000001011000001001000000
10010001100000000000101100000110000110100110100000011000110000001111100001010000011
01010001100000010000101100000000000000100010110000001001110000001111100001000000011
00100001110110000100001100001001010000100110010101011000110100111111100001000001011
01010011100000000100101100101000000110100010110000111001100000011111000001001001011
01000001100000000000100000000000011000100000011000111001110000001011100001000000000
10010101100000001100001100001100001110100110100000011000110000011110100101011001011
10010001100100000100101100000000000000100100110100001001110000010111100001000001011
00010001100000010010001100000100000010100110110001001100110100100111100001010001011
00011000011000000000101100000000000010100110010000001001110000001111100001000000011
00010001100000010000011111000000001010100110110000001100100000011111000101000001011
01001000011100000100000000000000000000100010011100001001110000011011100001000001000
01000111100000000100100000001000000100100010111000111001010000011011100001001001000
01000001100000000000100000000000001000100000111000001000110000001011100001000000000
00010111100100000010101100011000010010100110000100011000110000000110100011001000011
00001000011000000000100000000000000100100100110001011001110000000011100001000000000
00010111100000000000101100001000000010100110110000001001110000001111100001001000011
00011000010100000000101100001100001110100100110100011001110000000111100001010000011
00010111100000001000101100001000000100100110110000011001110000001111100001001000011
01010001100000000011011111001100000110100000100001111100100000011111000001010001011
01010000000000001100001100100000011010100010010000111001100000011111000001000001011
01000101100000000100100000111000011000100010011000111001100000011011000001001001000
01000001100000000010100000110000011000100000011000111000000000001011000011000000010
01000001100000000010100010010000001000100010111001001000100000001011000001000000000
01010001100000000001011111000000000010100010110000001001100000011111000001000001011
01001000000000000100000000000000000000100010111000001001110000011011100001000001000
01000101100000000100100000001000000000100010111000001001110000011011100001001001000
00000001100100000100100000000000000000100110100100001101110000010011100001000001000
00001000001000000000100000000000000100100110010000011001010000001011100001000000000
01000111100000000000100000001000000000100010111000001000110000001011100001001000000
01010101100000010110101100001100001010100010110001001100110100111111100101011001011
01010000010100000000101100000000000010100000010100001001110000001111100001000000011
10000111100100010100100000001000000100100110100101011000110000010010100001001000000
00010001110000000000101100000000000110100100110000011001010000000111100001000000011
00000011100000000000100000001000000000100110110000001000110000001011100001001000000
00010101100000000000001100001000001110100110110000011100110000000111100101001001011
00000000001100000000100000000000000000100100010100001001110000001011100001000000000
01000111100000000000100000001000000100100010111000111001010000001011100001001000000
00010101100100000000001100011100011010100110010101011001110100100110100101011001011
00011000011100000000101100000000000110100100110100011001110000000111100001000000011
00010101100000000011011101001100010110100110110001111001000000010100000001011001011
00010001100000000100001100010000011010100100010000011000110000010111100001000001011
00001000011000000100100000100000000000100110110000001001100000011011000001000001000
00000111100100010000100000001000010000100110010101011001110100101010100111001000010
00011000011100000000101100000000000110100100110101011001110000000111100001000000011
00010111100000000000101100001000000110100110110000011001110000001111100001001000011
01000001100100000000000011001010001100100010111101111000110000001011100001000001000
01010001100000010001011111100000001110100010110000111001000000011111000001000001011
01000001110000000100000000000000011000100010011000111000110000011011100001000001000
01000011100000000100100000101000001000100010111000001001100000011011000001001001000
00010101100000000000101100001100001010100110110001001100110100100111100101011000011
00011000001100000000101100000000000010100100010100001001110000001111100001000000011
10010000001000000011011111001100001110100101110011011000100100110111000001010001011
10010111100000001000001100001000010010100110010000011001110000001111100001001001011
11000001100000000000100000000000000000100000111000001001110000001011100001000000000
10010001100100010000001100001000000110100110100100011101110000001110100101000001011
10000000011100000000100000000000000100100110010100011001110000000011100001000000000
00000111100000000000100000001000000100100110110000011001010000001011100001001000000
00000111100100000011010011101000000100100110110101011000000000010010000001001001000
00010001100000000101011100100000010110100100110000111000000000010111000001000001011
00000001100000000100100000110000011000100110010000011000100000011011000001000001000
01000001100000000010100000110000010000100010011000111000000000001011000011000000010
00010101100000001000101100001100000110100110110001011001010000000110100101011000011
00010001100100000000101100000000000010100100110100001000110000000111100001000000011
00010101100000000001011111001100001110100110110001011101100000010111000101011001011
00010000001100000100001100000000010010100100010100011001110000011111100001000001011
01000111100000000100100000001000000100100010111000111001110000011011100001001001000
01000000000000000110000000001000000100100010100001111000010000011010100001000001000
00010101100000000100101100101000001010100110110000001000100000010111000001001001011
00011000000000000001011111000100000110100100110001011001100100110100000101010001011
00010101100100000100001100001000010010100110010100011001110000010111100001001001011
00001000011000000100100000000000000100100100110000011001110000011011100001000001000
10010001100000000000101100001000000110100100100000011000010000001100100001000000011
00000001100000001000100000000000000000100110110000001000110000000011100001000000000
10000000011100000100000000000000001100100100000101011001010000010010100001000001000
10010111100000000100101100001000000110100110110000011000010000010111100001001001011
00000001100000000000100000000000000000100100110000001000110000001011100001000000000
00010111100000000000001100001100011010100110010001011001110100100111100001011001011
00011000011000000000101100000000000010100100110000001001110000001111100001000000011

