01100001100000000000100100000000100001100010110000001011110000001111100001100000001
01000001100000000000100000000000100001100010111000001011110000001011100001100000000


00010111100100000000001100001000101011100110100100001110110000000110100101101001011
00001000001100000000100000000000100101100100010100011011110000000011100001100000000
00100101100000000000100100001000100101100110110000011011010000001111100001101000001
01000001100000000000100000000000100001100000111000001010110000001011100001100000000
01100001100000000000100100000000100001100010110000001011110000001111100001100000001
01000001100000000000100000000000100001100010111000001011110000001011100001100000000
00011000010000000000001100001110111111100110010001111011110100100100100101110001011
00010101100100010000101100001000101011100110110100001011110000000111100001101000011
00001000011000000000100000000000100101100100110000011011110000001011100001100000000
01100111100000000000100100001000100001100010110000001011110000001111100001101000001
01000001100000000000100000000000100001100000111000001011110000001011100001100000000
00111000010100010010001100001100100111100110100101011011010000001110100101110001011
00010101110100000000101100001000100111100110110100011010110000000111100001101000011
00000001100000000000100000000000100101100100110000011011110000001011100001100000000
00011000000100000000101100000110101111100100110101011011110100101111100001110000011
01010101100000010000101100001000100111100010110000111011110000001111100001101000011
01000001110000000000100000000000101001100000111000001011110000001011100001100000000
00111000010010000100101100000110111111100100110001111011110000011111100001110001011
01010101100000010000101100001000101011100010110000001011110000001111100001101000011
01000001110000000000100000000000100001100000111000001011110000001011100001100000000
01010001100100000000001100000010100001100000110101001000110000001111100001000001011
01010001100000010000101100000000100111100010110000111001110000001111100001100000011
01000001110000000000100000000000101001100010111000001011110000001011100001100000000
00011000001000000011011111101110100111100110110001011010100000010110000001110001011
00010101100000010100001100001000110011100110010000011011110000010111100001101001011
00001000011000000100100000000000100001100100110000001011110000011011100001100001000
10110000000000010000101100001110101111100110010001011011010000000110100101110000011
00010101110100010000101100001000100011100110110100001010110000000111100001101000011
00011000010100000010011111001110101111100110110101011001100100110110000001010001011
00010111100000010100001100001000110111100110110000111001110000010111100001101001011
00000001110000000100100000000000101001100100110000001011110000011011100001100001000
00011000011100000000011101000110101111100100110100011011100100111110000001110001011
00010111100000010100001100001000110101100110110000111011110000010111100001101001011
00010001100000000100101100000010101011100110100000001010110000011111100101100001011
01000001100100010000100000000000100001100010111100001011110000001011100001100000000
01100001110000000000100100000000100101100010110000111011010000001111100001100000001
01000001100000000000100000000000101001100010111000001010110000001011100001100000000
01111000001010000000001100000101100111100010110001111011110100101100100101110001011
00010101100100000000101100001000101011100110110100001011110000000111100001101000011
00001000001000000000100000000000100101100100110000011011110000001011100001100000000
01100101100000000000100100001000100001100010110000001011110000001111100001101000001
00000101100100000010100000001000110001100110010101001010110000001011100001101000000
01110001100000000000101100000000100111100000110000111011010000001111100001100000011
01010111100000010000101100101100100111100010110001111010100000001100000101111000011
00010001110100000000101100000000111011100100010100011011110000000111100001100000011
00001000011000000000100000000000100101100110110000011011110000001011100001100000000
01110111100100000011011100011000111011100010010100111010110100101111100011101001011
01001000011000000000100000000000101101100000111001111011110000001011100001100000000
01110111100000000000101100001000101011100010110000001011110000001111100001101000011
00010000000100000000101100010110110111100100010101111010110100101111100011110000011
01010101100000010000101100001000101111100010110000111011110000001111100001101000011
00011000011100010000101100000110110111100110000101111001110000001110100111110000011
00010111110100010000101100001000101111100110110100011011110000000111100001101000011
00000001110000000000100000000000100101100100110000011011110000001011100001100000000
10011000011000010011011111000110100111100111110011011010100000011100000001110001011
10010111110000010000001100001000110011100110010000011011110000000111100001101001011
10001000011000000000100000000000100001100100110000001011110000001011100001100000000
00000001100100000100000000000010100101100100110101011011110000011011100001100001000
01110001100000010100101100000000100111100010110000111011010000011111100001100001011
01000001110000000000100000000000101001100010111000001010110000001011100001100000000
00010000010100000000001100000100101111100110010101011010010000000110100101110001011
00010101100100000000101100001000100111100110110100011010110000000111100001101000011
00011000010100000000101100000000111111100110110100111011110000001111100111100000011
01000101100100000000100000001000101101100010111101111011110000001011100001101000000
01110001100000000000101100000000101111100000110000111011010000001111100001100000011
00010111100100010000001100011000111011100110010101011010110100101110100011101001011
00011000011000000000101100000000100111100100110001011011110000000111100001100000011
00010111100000000000101100001000100011100110110000001011110000001111100001101000011
00010001100100000100101100000110110011100110010101011010111111111111111101110001011
01010101100100010000101100001000100111100010110100111111110100101110100001101000011
00000000010000000000100000000000101101100100010000011011110000000011100001100000000
00100101100000000000100100001000100001100110110000001011110000001111100001101000001
00010000011000000101011100000100111111100100000001111001010000011100100001110001011
00010111100000000100101100001000101011100110110000001010110000010111100001101001011
00001000001000000000100000000000100001100100110000001011110000001011100001100000000
00010001100000000101011100000110101111100100110001011011010000010110100001110001011
00010001100000010100101100000000100011100110110000001010110000010111100001100001011
00001000011000000000100000000000100001100110110000001011110000001011100001100000000
00001000000000010000100000100010111101100110100000111011000000000000000101100000000
00100101110100010000100100011000111001100110010100011010010000000111100001101000001
00001000011000000000100000000000100101100100110000011010110000001011100001100000000
01001000000000010000100000000000101101100010111000111010110100101010100001100000000
00100101110000000000100100001000101001100110110000001011110000000111100001101000001
00010001100100000000001100000110101111100110100101011011110000000110100001110001011
00010001100000010000101100000000100111100110110000011011110000000111100001100000011
00000001110000000000100000000000100001100110110000001011110000001011100001100000000
00010111100100000000101100011000111011100110000100011010110000000110100111101000011
00001000011100000000100000000000100101100100110101011011110000000011100001100000000
00110111100000000000101100001000100111100110110000011011010000001111100001101000011
00011000010000010000001100000110100111100110000000011010110000001100100101110001011
00010101110100010000101100001000100001100110110100001011110000000111100001101000011
00001000010000000000100000001010100101100110010001011011110000000010100001100000000
00110101100000010000101100001000100011100110110000001011110000000111100001101000011
00001000011000000000100000000000100001100100110000001011110000001011100001100000000
01000111100100000011010011001000100101100010111101111010000000011010000101101001000
00110001100100000101011100000000111111100100110100111010010000010111100001100001011
00000001100000000100100000000000101101100110110000011010110000011011100001100001000
00110101100100000001011111001100100111100110110100011011100100111111000001111001011
01010001100000000100001100000000110101100000110000111011110000011111100001100001011
01000001100000000100100000000000101001100010111000001011110000011011100001100001000
01010011100100000000101100001000100011100010110100001111110000001111100001101000011
01000000000000000000100000000000100101100000011000111011110000001011100001100000000
01100101100000000000100100001000101001100010110000001011110000001111100001101000001
00110111100000010100001100001100111111100110110001111010110100110100100011111001011
00010001110000000100101100000000101011100100110000001011110000010111100001100001011
00001000001000000000100000000000100001100110110000001011110000001011100001100000000
00010001100100000000101100001010110101100110110100111110110000000111100101100000011
00000000001100010000100000000000101101100110010100011011110000001011100001100000000
01100101110000000000100100001000100101100010110000111011010000001111100001101000001
01000001100000000000100000000000101001100000111000001010110000001011100001100000000
01011000011000000001011100000010100111100000110000111001110000001111100101100001011
01000111100100010000100000001000101001100010111100001011110000001011100001101000000
01100001110000000000100100000000100101100000110000111011010000001111100001100000001
10011000001100000001001100001110101111100110100101011011010000000111100001110001011
10010101100000010000101100001000100111100110110000011010110000001111100001101000011
11100000010000000001010101001000101101100011010011111011100000011100000101100001001
10010101100100000000001100001000111011100110010100011011110000000111100001101001011
10001000011000000000100000000000100101100100110000011011110000001011100001100000000
01000001100000010000100000101000100101100010111001111010000000001000000001100000000
00110001110000000000101100000000111011100110010000011010010000000111100001100000011
00001000011000000000100000000000100001100110110000001010110000001011100001100000000
01010001110100010111011100001100100111100010100101111011010000011110100001110001011
00010001110000000100101100000000101111100110110000011010110000010111100001100001011
00000001100000000000100000000000100001100110110000001011110000001011100001100000000
10000001100100000011010011000010100101100100110111011001100000010010000101000001000
10110001100100010101011100000000110111100110110100111001010000010111100001100001011
10000001110000000100100000000000101101100110110000011010110000011011100001100001000
00110101100010010000001100011100111111100110100001111010110000001110100011111001011
00010001110000000000101100000000101011100100110000001011110000000111100001100000011
00010111110100010000001100001000111011100110010100011110110000000110100011101001011
00001000011000000000100000000000100101100100010001011011110000000011100001100000000
00110111100000000000101100001000100011100110110000001011110000001111100001101000011
00110001100100010001011101001000100001100110110100001011100100111111000001100001011
01001000011000000100000000000000100101100010111000111011110000011011100001100001000
01100111100000000100100100001000101001100010110000001011110000011111100001101001001
00010101110000000000101100011100111111100110110001111010110100100100100001111000011
00010001100000000000101100000000101011100100110000001011110000000111100001100000011
01110001100010000000001100011101111111100000110001111010110100101100100101110001011
00010001100100001000101100000000101011100110110100001011110000000111100001100000011
00001000001000000000100000000000100101100110110000011011110000001011100001100000000
01110000010100000010101100010100111111100010000101111010010000001110100111110000011
00010101100100000000101100001000101111100110110100011010110000000111100001101000011
00010000000000000000001100000100110111100100010001111011010000000100100001110001011
00010101100000000000101100001000101011100110110000001010110000000111100001101000011
00011000011100000000001100001100111111100110100100111001010000000110100101110001011
00010111100100000000101100001000101101100110110100011010110000000111100001101000011
10011000011100001110001100000100101011100110110100001010110100111111100001110001011
11010111100000000100101100001000100101100010110000111011110000011111100001101001011
01000001100000000000100000000000101001100000111000001011110000001011100001100000000
00111000001010000000101100010011111111100100010001111010110100100100100001100000011
00010101100000010000101100001000101011100110110000001011110000000111100001101000011
00010000000000010000001100000100101111100110010000011011010000001110100101110001011
00010101110100000000101100001000100001100110110100001010110000000111100001101000011
00011000001100000000101100001110101111100110100101011011010000000110100101110000011
00010101100100010000101100001000100111100110110100011010110000000111100001101000011
01011000011100000010001100001000100111100010010100111000010000001110100001100001011
00000111100000000000100000101000101101100110110000011010100000000011000001101000000
00100001100000000000100100000000110001100100010000011011010000001111100001100000001
01000001100000000000100000000000100001100010111000001010110000001011100001100000000
10001000011100000000000000001000101101100100110101011010010000000010100101100001000
10110111100100001000101100001000100111100110110100011010010000000111100001101000011
00000001100000000000100000000000100101100100110000011010110000001011100001100000000
11111000011000000000001100000100111111100010110000111011110100101110100101110001011
10010111100100000000101100001000101001100110110100001011110000000111100001101000011
00011000000000000000001100000100111111100100110001111011010000000110100001110001011
00010000010100000000101100001100101111100110010100011001010000001111100001010000011
01010111100000000000101100001000100101100010110000111000110000001111100001101000011
01000001100000000000100000100000101001100000111000001011100000001011000001100000000
11100000011110010100001100001011100101100010010101111000110000011110100001100001011
10010111110000010100101100101000101111100110110000011011100000010111000001101001011
00000001110000000000100000000000110001100100010000011011110000001011100001100000000
00111000000110010000001100000010110111100110010100111011010000000110100111100001011
00000101110100010000100000001000101101100110110101011010110000000011100001101000000
00110001110000000000101100000000100111100100110000011011010000001111100001100000011
00000001100000000000100000000000101101100110110000011011110000001000100001100000000
00100001100000000000100100000000100001100110110000001011110000000111100001100000001
00010000000000010000001100001100100111100110100001011010010000001111100001110001011
01010101110000000000101100001000100011100010110000001010110000001111100001101000011
00000000010000000000000000001010101101100110010001011011010000001011100001100001000
01110101100000010000101100001000100011100010110000001010110000001111100001101000011
00010001110100000000101100000010100111100100110100011010110000001111100101100000011
01000001100100010000100000000000100101100010111100111011110000001011100001100000000
01100001110000000000100100000000101101100010110000111011010000001111100001100000001
00000000001000010000100000000000101101100110110001011010010000000011100001100000000
00110101110000000000101100001000100011100110110000001010110000001111100001101000011
00010001110100000000101100000110101111100110110100011010110100100110100001110000011
00010001100000010000101100000000100101100110110000011011110000000111100001100000011
00010111100100000000001100001000100011100110100100001101110000001111100101001001011
01000000001100000000100000000000100101100000011100111001110000001011100001000000000
01100111100000000000100100001000101101100010110000111001010000001111100001101000001
10000000011100000010000011100000100101100100000100011010100000001011000101100001000
11100111100100000001010111001000100101100011110110111011000000011111000001101001001
11000001100000000000010001000000111101100000111010111010100000011011000001100001000
11100001100000000101010100000000111001100010010000111011010000011111100001100001001
11001000011000000100100000000000101001100010111000001010110000011011100001100001000
00011000001100000000101100000110100111100110010100011011110100101110100001110000011
00010101100000010000101100001000100101100110110000011011110000000111100001101000011
00000001110000000000100000000000100001100100110000001011110000001011100001100000000
00001000001100010000100000000010111101100110010101111011110100101011100111100000010
01110101110100010000101100001000101111100010110101111011110000001111100001101000011
01010001110000000000101100000000101111100000110000111011110000001111100001100000011
01000001100000000000100000000000101001100010111000001011110000001011100001100000000
10011000011000010100101100000110111111100110010001111010010000010110100101110000011
00010111110100010000101100001000101011100110110100001010110000000111100001101000011
10111000011110000000001100010111111111100110010101111011110100100111100001110001011
10010111100000010000101100001000101111100110110000011011110000001111100001101000011
00011000010100000000101100000100110111100100010101111010110100100110100111110000011
00010101100100000000101100001000101111100110110100011011110000000111100001101000011
00011000010000000000001100001110111111100110010001111001110000000100100111110001011
00010111100100010000101100001000101011100110110100001011110000000111100001101000011
11000000011100000000000000001000111101100010011101111011010000001010100001100001000
10110111100000000000101100001000101111100110110000011010010000000111100001101000011
00000001100000000000100000000000100001100100110000001010110000001011100001100000000
01110111100000000000001100001100110111100010110001111011110000001100100011111001011
00010000011100010000101100010110111111100110010101111000010000000110100111110000011
00010111110100010000101100001000101111100110110100011010110000000111100001101000011
01110000010100010000001100001110101111100010110101111001110100101110100001110001011
00010111110000010000101100001000101111100110110000011011110000000111100001101000011
01010000010100000000101100000110111111100000010100111000010000001110100001110000011
00010111100000010000101100101000101101100110110000011010100000000111000001101000011
01010111100100000011001100101100101111100010110101111001100100101111000001011001011
01010001100000000000101100000000111111100000110000111001110000001111100001100000011
00110101100010000000101100011100111111100110110001111000010000000110100001111000011
00010001100000000000101100100000101011100100110000001010100000000111000001100000011
01010000000000000000001100000110101111100010110001111011110100101100100001110001011
00010001100000000000101100001000101001100110110000001100110100101111100101000000011
01000000001100000000100000000000100001100010011100001001110000001011100001000000000
01100111100000000000100100001000100101100010110000111001010000001111100001101000001
00011000010100000100001100000010101111100110110100011010110000010111100101100001011
00000101100100010100100000001000100101100110110100011011110000011011100001101001000
01110111100110000000101100001100100111100010110100111001110000001110100001111000011
00010001100000000000101100000000101101100100110000011011110000000111100001100000011
01111000010100010001011101001100101111100010000101111010100000011110000001110001011
00010101110000000100001100001000111111100110110000111011110000010111100001101001011
00000001100000000100100000000000101001100100110000001011110000011011100001100001000
10110001100100000001011101000110100111100110100111011010000000010110000101110001011
10010001100100010100001100000000110111100110110100111010110000010111100001100001011
10000001110000000100100000000000101101100110110000011011110000011011100001100001000
01010001100000010000001100000000100101100010110001111010110000001100100101100001011
00010001110100000000101100000000101011100110110100001011110000000111100001100000011
00010001100100010011011111001000100111100110110100011110100000010111000001100001011
00000000011000000100000000000000110101100110010000111011110000011011100001100001000
00000000000000010010000000001010100101100110010001011010110000001000100001100001000
00110101110000010000101100001000100011100110110000001011110000000111100001101000011
00111000010010000100001100000101111111100100110001111000110100110100100001110001011
00010111100000000100101100101000101011100110110000001011100000010111000001101001011
00011000010100000100011100000100111111100110100101111011110000010110100111110001011
00010101100100000100101100001000101111100110110100011011110000010111100001101001011
01110001100100000010101100000010111111100000100100111111110000001111100111100000011
01000000000100010000100000000000101101100010011101111011110000001011100001100000000
01110101110000000000101100001000101111100010110000111011010000001111100001101000011
00010111110100010100101100001000100111100110110100011110110000010110100101101000011
00000000011100000000100000000000100101100100010100011011110000000011100001100000000
00100111100000000000100100001000100101100110110000011011010000001111100001101000001
00000111100100001000100000001000111001100110000101011110110000000010100011101000010
00111000011000000000101100000000100111100100010001011011010000000111100001100000011
00010111100000000000101100001000100011100110110000001010110000001111100001101000011
01111000011110010000101100001101111111100010010101111000110100101111100011110000011
01010111110000000000101100001000101111100010110000111011110000001111100001101000011
01000000010000000100000000000010111101100000011000111011110100111000100001100001000
00100101100000010100100100001000101001100110110000001011110000010111100001101001001
00000001100000000100000000001000101101100110110000011010110000010010100001100001000
00100001100000000100100100000000100001100110110000001011110000010111100001100001001
00000000010000010000000011000010100101100110000001011011010000001000100101100001000
00110101110100010001011111001000100011100110110100001010100000010111000001101001011
00001000011000000100000000000000100101100100110000011011110000011011100001100001000
01100111100000000100100100001000100001100010110000001011110000011111100001101001001
01000000010000000100000000000010100101100010111001111011110000011000100101100001000
00110101100100010100101100001000101011100110110100001011110000010111100001101001011
01110000010010000000001100000110101111100000010001111010110000001110100001110001011
01010000001100000000101100000110100111100010000101111010110000001110100101110000011
00010101100100010000101100001000101111100110110100011011110000000111100001101000011
00010101100000010000101100001000101111100110110000011011110000001111100101101000011
01000001110100000000100000000000100001100000111100001011110000001011100001100000000
01100001100000000000100100000000100101100010110000111011010000001111100001100000001
01000101110100000000100000001000101001100010100101001011110000001011100001101000000
00010011100000010011011111101000100111100110110000011110100100111111000101101001011
01000000011100000100000000000000110001100000011100111011110000011011100001100001000
01100111100000000100100100001000101101100010110000111011010000011111100001101001001
01000000000000000011010011001000100101100000011000111011100100111000000001100001000
00100101100000001101010100001000111001100110010000011011110000010111100001101001001
00100001100110010100101100001010111001100110000101011011010000010111100111100000011
00011000011100010000101100000000100111100110110101011010110000001111100001100000011
01010111110000000000101100001000100111100010110000111011110000001111100001101000011
00011000010000000000101100000100100111100100110000011010110100100111100001110000011
00010101100000000000101100001000100001100110110000001011110000001111100001101000011
01010111100000010100001100001000101111100010100001111001110000011100100101101001011
00010001110100000100101100000000101011100100110100001011110000010111100001100001011
01010101100100010100001100001000110011100010010101111110110100111110100011101001011
00011000011000000100101100000000101111100100010001011011110000010111100001100001011
00110000010100010010001100000100101011100110010101001011110000001111100001110001011
01010101110000000000101100001000100111100010110000111011110000001111100001101000011
01000111110000000000000000001000101101100010111001111010110000001000100101101001000
00110001100100000000101100000000101011100100110100001011110000000111100001100000011
10001000000000000010100000001000101001100110010001001010110000001011100001100000000
01110101100000000000101100001000100011100010110000001011110000001111100001101000011
00000001100100010000100000001000101101100110110101011010110000001010100001100000000
00110001110000000000101100000000100111100110110000011011010000000111100001100000011
00000001100000000000100000000000100001100110110000001010110000001011100001100000000
00010001100000000000001100000000101001100110100000001011110000000111100001100001011
01010001110000000110001100001110111111100010100001111001010000011111100001110001011
01010011100000010100101100001000101011100010110000001010110000011111100001101001011
00110000010010010000001100000101101111100110010001011010110100101110100101110001011
00010101110100000000101100001000100011100110110100001011110000000111100001101000011
01011000010100000000001100101110101111100010000101111011100000001110000001110001011
00010101100000010000101100001000111111100110110000111011110000000111100001101000011
00000001110000000000100000000000101001100100110000001011110000001011100001100000000
01010101100100010000101100001100100111100010110101111010110000001111100001111000011
00010000010000010000011111001100100111100110000001011010100000010110000001110001011
00010101110000000100001100001000110011100110010000011011110000010111100001101001011
01000001110000010000100000000010110101100010111001111111110000001011100011100000010
01110000010000010000101100000000101011100010010001001011110000001111100001100000011
01010101110000000000101100001000100011100010110000001011110000001111100001101000011
00001000010000000011010011010010100101100110110001011010100100110011000001100001000
00110101100000010111011100001000110011100110010000011011110000011111100001101001011
01001000011000000100100000000000100001100000111000001011110000011011100001100001000
01010001100100010100101100010000111011100010000100111000010000011111100001100000011
01000001110000000000100000100000101101100010111000111010100000001011000001100000000
01100001100000000000100100000000111001100010010000111011010000001111100001100000001
00011000011000010000101100000010100001100110000001001010110000001111100001100000011
01010111110000010000101100001000100011100010110000001011110000001111100001101000011
00011000011000000000101100001110110111100110100001111000010000000100100011110000011
00010111100000010000101100001000101011100110110000001010110000000111100001101000011
00010101100100010011001100001000100111100110110100011000110100101111100101001001011
01000001110100000000100000000000100101100000111100111001110000001011100001000000000
01100011100000000000100100001000101101100010110000111001010000001111100001101000001
00001000011000000000100000000000111001100110010000011010110100101011100001100000000
00110111100110010000101100111001111111100110110101111011100000000110000001101000011
00010001110000000000101100010000111111100100110000111011110000000111100001100000011
00000001100000000000100000000000101001100110110000001011110000001011100001100000000
00010000011000000000001100110100110111100110010001111010100100100110000001110001011
00010111100000000000101100011000111011100110010000011011110000000111100001101000011
01110000010110000000101100001111110011100010010101101010110100101111100011110000011
01010000000000000010101100001100100111100000000001111010110000001110100101110000011
00010101100100001000101100001000101011100110110100001011110000000111100001101000011
00101000001010000100101100000000100101100110110001011010010000010100100101100001011
00010101100100000000101100001000100011100110110100001010110000000111100001101000011
01010001100000000000101100001000100111100000110000111011110000001111100101100000011
01000001100100001000100000000000101001100010111100001011110000001011100001100000000
01010001100000010000101100000110101111100010100001111001110000001100100001110000011
00010001110000010000101100000000101011100110110000001011110000000111100001100000011
00110000010000000010101100000110101111100100000000011010110000000100100101110000011
00010101100100010000101100001000100001100110110100001011110000000111100001101000011
00110000010110000000011111000111100111100110010101011000101111110111011101010001011
00010111100100010100001100001000110111100110110100111101110100111110100001101001011
00000000011000000100100000000000101101100100010000011011110000010011100001100001000
00100111100000000000100100001000100001100110110000001011110000001111100001101000001
00000101110000000000000011011000100101100110110000011011100000000011000101101001000
00100001100100000011010111000000100001100100110100001010100000011111000001100001001
01001000001000000100010000000000100101100010111000111011110000011011100001100001000
01100101100000000100100100001000101001100010110000001011110000011111100001101001001
10000111110000000000100000001000100101100110110000011010110000000000100001101000000
00100001100000000000100100000000100001100100110000001011110000000111100001100000001
01010001100000010000001100000110100111100010110001111011010000001100100001110001011
00010001110000010000101100000000101011100110110000001010110000000111100001100000011
00010111100100000100001100011100111111100110110101111010010000010110100111111001011
00010001100100000100101100000000101111100100110100011010110000010111100001100001011
00000001100000000000100000000000100101100110110000011011110000001011100001100000000
10111000011000010011011111001110101111100111110011011010000000011100000001110001011
10010111110000010000001100001000110011100110010000011010110000000111100001101001011
00011000001000010000101100000110111111100110100001111010110000000110100011110000011
00010101110000010000101100001000101011100110110000001011110000000111100001101000011
01100011100000000010100100001000110101100010110001111100110000001111100011101000011
01010000000000000000101100000000101011100000010001001011110000001111100001100000011
01010101100000000000101100001000100011100010110000001011110000001111100001101000011
00011000000000010000011111001110100111100110010001011010100100110110000001110001011
00010101110000010100001100001000110011100110010000011011110000010111100001101001011
00010101100100000000001100001000110111100110110100111001110100100111100101101001011
00000001100100000000100000000000101101100100110100011011110000001011100001100000000
00101000010010000000001100000011101101100110010001011011110100100100100101100001011
00010101100100010000101100001000100011100110110100001011110000000111100001101000011
01110001100010010000001100001101100111100010110001111011111111101100111101110001011
00010101110100000000101100001000101011100110110100001111110100100110100001101000011
00001000001000000000100000000000100101100100010000011011110000000011100001100000000
00000000010100010000100000000000101101100110000101011011110000001010100101100000000
00110101110100000000101100001000100111100110110100011011010000000111100001101000011
01000000000000000000100000000010101101100000011000111011110100101000100001100000000
00100101100000010000100100001000101001100110110000001011110000000111100001101000001
00010101100000000000101100001000100101100110100000011010110000000111100101101000011
00000001100100000000100000000000100001100100110100001011110000001011100001100000000
00110111100110000000101100001000111111100110100100111111110000000111100001101000011
00000000001000000000100000000000101101100100010000011011110000001011100001100000000
00010000000100010010001100001100110111100110010101111010110100100110100111110001011
00010101110100000000101100001000101111100110110100011011110000000111100001101000011
01000000011100000010000000000000100101100010011100111011110100101010100101100001000
00100111100100000000100100001000101101100110110100011011110000000111100001101000001
00111000011100000000001100000110110111100100110101111001010000001111100011110001011
01010111100000010000101100001000101111100010110000111010110000001111100001101000011
00110001100000010010101100000100100111100110110001011011010000001100100001110000011
00010001110000000000101100000000100011100110110000001010110000000111100001100000011
00010111100100000000101100001100111111100110110101111000110100101110100001111000011
00010001100000000000101100100000101111100100110000011011100000000111000001100000011
00000001100000000000100000000000110001100110010000011011110000001011100001100000000
00011000011100000000011101100100110111100100010100111011100100110110000101110001011
00010111100100000100001100011000111101100110110100111011110000010111100001101001011
00000001100000000100100000000000101101100100110000011011110000011011100001100001000
00000001100000000000000000000010110101100100110000111011110100100000100001100001000
00100001100000010000100100000000101001100110110000001011110000000111100001100000001
01110000010100010001001100001010101111100010010100111001110100101111100101100001011
01000111110100010000100000001000101101100010111100111011110000001011100001101000000
01100001110000000000100100000000101101100000110000111011010000001111100001100000001
00010001110100010000001100001010111011100110010100011110110000001110100101100001011
00001000011100010000100000000000100101100110010100011011110000000011100001100000000
00100111110000000000100100001000100101100110110000011011010000001111100001101000001
01010001100100001100001100000010111101100010110101111100110100111110100011100001011
00010000000000010100101100000000101111100110010001011011110000010111100001100001011
00010101110000000000101100001000100011100110110000001011110000001111100001101000011
00011000011000000000001100001100101011100100100001001011110000001111100001110001011
01010111100000001000101100001000100011100010110000001011110000001111100001101000011
10111000011000010001001100001110100111100110100000011011010000000110100001110001011
10010111110000010000101100001000100001100110110000001010110000000111100001101000011
01000000000000010000000011001000101101100010011000111010010000001010100101100001000
00100101110100000001010111001000101001100110110100001010100000010111000001101001001
00001000001000000100010000000000100101100100110000011011110000011011100001100001000
01100101100000000100100100001000100001100010110000001011110000011111100001101001001
10010000001100010010001100000110111111100110010100111011110000000110100001110001011
10010101110000010000101100001000101101100110110000011011110000000111100001101000011
00010001100100000011011101000000111001100110010100011110100000011111000001100001011
01001000011000000100000000010000110101100010011000111011110000011011100001100001000
01100111100000000110100100001000101001100010110000001011110000011111100001101001001
01010001100100010000001100100110111011100010010100111011100100101111000001110001011
01010001110000010000101100010000111101100010110000111011110000001111100001100000011
10110101110010010000011111001100100111100110100011011010100000010100000001111001011
10010001110000000100001100000000110011100100010000011011110000010111100001100001011
10001000011000000100100000000000100001100110110000001011110000011011100001100001000
11110111100000010010001100001000100111100010110000111110110100101111100001101001011
11000000010000000000100000000000101001100000011000001011110000001011100001100000000
00000000000100000000100000001000100101100110010100011011110100100011100001100000000
00100101100000000000100100001000100101100110110000011011110000001111100001101000001
00100001110100000010100100001010110001100110010101001111110000001110100111100000011
00011000011100010000101100000000100111100110010101011011110000000111100001100000011
00010111110000000000101100001000100111100110110000011011110000001111100001101000011
11000111100100000000100000001000101101100010111101111010110000001010100101101000000
00110001100100000000101100000000101111100100110100011011010000000111100001100000011
00000001100000000000100000000000100101100110110000011010110000001011100001100000000
11010000011100000000001100001100100111100000000101111001110000001111100001110001011
11010111100000001000101100001000101111100010110000111011110000001111100001101000011
01000001100100000000000000001000111101100010111101111110110100101011100111100001010
01110000000100000000101100000000101111100010010101111011110000001111100001100000011
01010101100000000000101100001000101111100010110000111011110000001111100001101000011
10010000011100000010001100000010100011100110010100001011110100101111100101100001011
11000111100100010000100000001000100101100010111100111011110000001011100001101000000
00001000010000000011010011000010100101100110010001011010000000010010000001100001000
00110101100000010101011100001000110011100110010000011010010000010111100001101001011
00001000011000000100100000000000100001100100110000001010110000011011100001100001000
10010000000100000000001100000100111111100100010101111011010000000110100101110001011
10010101100100000000101100001000101111100110110100011010110000000111100001101000011
00011000010000010000011101000000110111100110010001111010100100111110000111100001011
00010101110100000100001100011000111011100110010101011011110000010111100011101001011
00011000011000000100101100000000100111100100110001011011110000011111100001100001011
01010111100000000000101100001000100011100010110000001011110000001111100001101000011
00011000000000010000101100100110100111100110110000011011100000000110000001110000011
00010101110000010000101100001000110001100110010000011011110000000111100001101000011
01010111100000010000001100001100100111100010110001111001110100101100100101111001011
00010001110100000000101100000000101011100100110100001011110000000111100001100000011
00000000000000000001010011001000101101100110000000011010000000011000000001100001000
00100101100000000101010100001000110001100110010000011010010000010111100001101001001
00011000010000000100001100001110110111100110010000111011110100111100100101110001011
00010101100100010100101100001000101001100110110100001011110000010111100001101001011
01001000000000000001010011000000100101100000111001111011100100111011000101100001000
01110101100100000101011100001000111011100010010100111011110000011111100001101001011
01001000011000000100100000000000101101100000111000111011110000011011100001100001000
01100111100000000000100100001000101001100010110000001011110000001111100001101000001
01010001100100000000001100001100101111100010100101111010110000001110100001110001011
00010001100000000000101100000000101111100110110000011011110000000111100001100000011
01010111100000001000101100001000101111100010110000111011110100101111100101101000011
01000001100100000000100000000000101001100000111100001011110000001011100001100000000
00010111100100000001011111001100100111100110110100011011000000010110000101111001011
00010001100100000100001100000000110101100100110100111010110000010111100001100001011
00000001100000000100100000000000101101100110110000011011110000011011100001100001000
11010101100100000100001100001100111111100010110101111010110100111111100001111001011
11010001100000000100101100000000101111100000110000111011110000011111100001100001011
00011000011100010000001100001000110011100110000100011010110000001111100111100001011
01000111110100000000100000001000100101100010111101111011110000001011100001101000000
01010101100100000100101100001000111001100010000100111000110000011111100001101001011
01000001100000000000100000100000101101100000111000111011100000001011000001100000000
01011000000000000000101100000100100111100010110001111010110000001110100101110000011
00010111100100000011011101001000101011100110100100001001100000011111000101001001011
01001000001100000100000000000000100101100000111100111001110000011011100001000001000
01100111100000000100100100001000101101100010110000111001010000011111100001101001001
00001000001100000000100000000000101101100100100101011011110000001010100101100000000
00110101100100000000101100001000100111100110110100011011010000000111100001101000011
01011000010100001001011101001110100111100010100101111001100000011110000001010001011
00010111100000010100001100001000111111100110110000111001110000010111100001101001011
01010000011100010010001100000110100111100010100101111011110000001110100001110001011
01110000010010000000001100100100101111100010010000111011000000001100000001110001011
00010101100000000000101100001000111001100110010000011010110000000111100001101000011
00010111100000000001011100001100101111100110110001011010010000000110100001111001011
00010001100000000000101100000000100011100100110000001010110000000111100001100000011
00000111100000000100000000001000101101100110110001011010010000010000100101101001000
00110001100100000100101100000000100011100100110100001010110000010111100001100001011
00011000010100000000101100001100101111100100010101011010010000001110100001110000011
00010101100000001000101100001000100111100110110000011010110000000111100001101000011
00000001100000000000100000000000100001100100110000001011110000001011100001100000000
01010001100100000000101100001000110111100000110100111110110000001111100111100000011
01000000000100001000100000000000101101100010011101111011110000001011100001100000000
01110101100000000000101100001000101111100010110000111011010000001111100001101000011
00010001100100000010001100000100110111100100110101111000110100100110100011110001011
00010101100100000000101100001100101111100110100101011001010000001111100001011000011
01010001100000000000101100000000100111100000110000111000110000001111100001100000011
01000001100000000000100000100000101001100010111000001011100000001011000001100000000
00010000000100000011011111000000100101100100100100011010000000011111000101100001011
01000101100100000100000000001000110101100010111100111010110000011011100001101001000
01100001100000000100100100000000101101100000110000111011010000011111100001100001001
00010001100100010000001100001110111111100110110101111000110000000110100111110001011
00010001110100010000101100000000101111100110110100011011110000000111100001100000011
00000001110000000000100000000000100101100110110000011011110000001011100001100000000
01110001100110000000001100010101110011100000010101101001110100101111100011110001011
01010001100000000000101100000000101111100010110000111011110000001111100001100000011
00111000010010010000101100000110101111100110110001011011010000001100100001110000011
00010101110000010000101100001000100011100110110000001010110000000111100001101000011
00110001100000000000101100001000101111100100110001011011110000001100100101100000011
00010001100100001000101100000000100011100110110100001011110000000111100001100000011
00110000011110000000101100000111111111100100010101111011110100101111100011110000011
01010111100000010000101100001000101111100010110000111011110000001111100001101000011
01100000011100001000100100001000101001100010000100001001110000001111100101000000001
01000111100100000000100000001000100101100010111100111001110000001011100001001000000
01100001100000000000100100000000101101100000110000111001010000001111100001100000001
00000101100100000000000000001000101101100110100101011011110000000010100101101001000
00110001100100000000101100000000100111100100110100011011010000000111100001100000011
00110001100110010000101100000100101011100110100101001011110000001111100001110000011
01010001110000000000101100000000100111100010110000111011110000001111100001100000011
01010000010100000000001100000110100011100000010101001011110000001111100001110001011
00001000010100010100000000101000110101100110110100111010100000010011000001100001000
00100101110000000100100100011000111101100110110000111010010000011111100001101001001
01110101100100000010101100001000101011100010110100001001110100101111100101001000011
01000001100100000000100000000000100101100000111100111001110000001011100001000000000
01100001100000000000100100000000101101100010110000111001010000001111100001100000001
00010111100100010010001100101100100111100110100101011011100000001110000101111001011
00010001110100000000101100000000110111100100110100111011110000000111100001100000011
00000001100000000000100000000000101101100110110000011011110000001011100001100000000
10010000011100000000101100010100110111100110010100111011110100100110100101110000011
00010111100100000000101100001000101101100110110100011011110000000111100001101000011
10010000001000010000101100000100111111100110000001111010010000000100100001110000011
00010101110000000000101100001000101011100110110000001010110000000111100001101000011
00000001100100000010000000001000110001100110000101001111110000000010100011100001010
00111000011000000000101100000000100111100110010001011011010000000111100001100000011
01010000011100000110001100100100100111100010110101111001100000011111000001010001011
01010111100000000100101100001000111111100010110000111001110000011111100001101001011
00010111100100000000101100001100101111100110110101011011110100100110100101111000011
00010001100100000000101100000000100111100100110100011011110000000111100001100000011
00010000010100000000001100100100110111100110010101111010000000001110000101110001011
00010101100100000000101100011000111111100110110100111010110000000111100001101000011
00000001100000000000100000000000101101100100110000011011110000001011100001100000000
01011000010100000000101100000110101111100010110101111010111111101110111101110000011
00010111100100010000101100001000101111100110110100011111110100100110100001101000011
00000000011000000000100000000000100101100100010000011011110000000011100001100000000
01000001100100000000100000000010110101100000111101111011110000001011100111100000010
01110001100100010000101100000000101111100010110101111011010000001111100001100000011
01010001110000000000101100000000101111100010110000111010110000001111100001100000011
00100001100110000000101100010010111101100100110101111010110000001111100111100000011
01010001100100010000101100000000101111100010110101111011110000001111100001100000011
01010001110000000000101100000000101111100010110000111011110000001111100001100000011
00011000000100000000101100001100100111100100110101011010110100100110100001110000011
00010101100000001000101100001000100111100110110000011011110000000111100001101000011
01011000011000000000101100001100100011100010010001001010110100101111100001110000011
00100101100110000000101100001001111101100110110101111001110000000111100111101000011
00010001100100000000101100000000101111100100110101011011110000001111100001100000011
01010001100000000000101100000000100111100010110000111011110000001111100001100000011
00111000000100010100101100000100110111100110010101111011111111111110111111110001011
00010101110100000000101100001000101111100110110100011111110100100110100001101000011
00000000001000000000100000000000100101100100010000011011110000000011100001100000000
00100111100010010000101100001000100101100110100001011011010000001100100101101000011
00010001110100000000101100000000100011100100110100001010110000000111100001100000011
00110000000010000000001100000011100101100110010001011010110100101110100101100001011
01010101100100010000101100001100111111100010110101111000110100101111100011111000011
00111000011000000011011101000100110111100110010000111010100000010100000101110001011
00010111100100000100001100011000111001100110010100011011110000010111100001101001011
00001000011000000100100000000000100101100100110000011011110000011011100001100001000
01010000000100000000001100001110101111100010010100111011110000001111100001110001011
01010101100000010000101100001000101101100010110000111011110000001111100001101000011
00011000010000010000101100010100111111100110010001111000110100100100100111110000011
00010111110100000000101100001000101011100110110100001011110000000111100001101000011
00010000010100000100001100000000101111100100000100011011110000011111100101100001011
01000101100100000100100000001000100101100010111100111011110000011011100001101001000
01100001100000000000100100000000101101100000110000111011010000001111100001100000001
00011000010100010000001100001010110111100110110100111000110000000111100111100001011
00000111110100010000100000001000101101100110110101011011110000001011100001101000000
01110001110000000000101100000000100111100000110000111011010000001111100001100000011
01010000011100010000001100001100101111100010010101111001110000001110100001110001011
00010111110000000000101100001000101111100110110000011011110000000111100001101000011
00000111100000010011010011001000100101100110110001011011100000011000000001101001000
00110001110000000101011100000000110011100100010000011011010000010111100001100001011
00001000011000000100100000000000100001100110110000001010110000011011100001100001000
00011000011000000000101100011100110111100110010001111000010000000100100011110000011
00010111100000000000101100001000101011100110110000001010110000000111100001101000011
01010000000100010101011100000100111111100010110100111011110000011111100001110001011
01010101110000000100101100001000101101100010110000111011110000011111100001101001011
01010111100000000001011111001100101111100010100000111010100000011111000001111001011
01010001100000000100001100000000111001100000010000111011110000011111100001100001011
00010001110100010011011111001000101011100110110100001010100100111110000101100001011
00001000011100000100000000000000100101100110110100011011110000010011100001100001000
00100111100000000100100100001000100101100110110000011011010000011111100001101001001
01000001100000000000100000000010101101100010111000111010110000001000100001100000000
01001000000000000000000011000010101101100000011001111010110100101010100001100001000
00110101100000010001011111001000101011100110110000001011100000010111000001101001011
00001000011000000100000000000000100001100100110000001011110000011011100001100001000
00111000000100000000101100000110101111100100010101011010110100101110100001110000011
00010101100000010000101100001000100111100110110000011011110000000111100001101000011
01110001100110010000001100011110111011100010000100111110110000001111100011110001011
01010000011000010000101100000000101101100010010001111011110000001111100001100000011
01010111110000000000101100001000101011100010110000001011110000001111100001101000011
01011000000000010101011100001100101111100010110000111000110000011100100101110001011
00010101110100000100101100101000101001100110110100001011100000010111000001101001011
11010111110100000011001100001000100111100010110100111110110000001111100001101001011
11000000000000000000100000000000101101100000011000111011110000001011100001100000000
00011000000100000000001100001010100111100110110100011010110100101111100101100001011
01000101100100010000100000001000100101100010111100111011110000001011100001101000000
10001000000100010000100000001000100101100110100101011011110000000010100101100000000
00001000010000010010000000000010111101100110100000111011110000000000100101100001000
00100101110100010000100100001000101001100110110100001011110000000111100001101000001
00100111100010010000001100001001100101100110110001011010110000000110100101101001011
00010001110100000000101100000000100011100100110100001011110000000111100001100000011
00011000011000000000001100000110100111100100110001011010110100100110100001110001011
00010111100000010000101100001000100011100110110000001011110000000111100001101000011
00011000010000000000101100000110111111100100000001111001110000001110100011110000011
00010111100000010000101100001000101011100110110000001011110000000111100001101000011
01000111110100010000100000001000111101100010111101111011110100101011100001101000000
01110001110000000000101100000000101111100000110000111011110000001111100001100000011
11010000011100010010001100001110101011100010000101001010110000001111100001110001011
11010111110000010000101100001000100111100010110000111011110000001111100001101000011
00010000010000000010001100000000100101100100010001011010110100100100100001100001011
00010101100000000000101100001000100011100110110000001011110000000111100001101000011
01110000001010000000101100001000111111100010010001111001110000001111100111100000011
01010111100100000000101100001000101011100010110101001011110000001111100001101000011
01010001100000000000101100000000100111100000110000111011110000001111100001100000011
10011000000100000100001100001110100111100110100101011010110000010111100001110001011
10010101100000010100101100001000100111100110110000011011110000011111100001101001011
11010000011100000100101100000110100111100000010101111011110100111110100001110001011
00010111100000010000101100001000101111100110110000011011110000000111100001101000011
10111000000110000000001100000100101111100100100101011011010000000111100001110001011
10010101100000000000101100001000100111100110110000011010110000001111100001101000011
01000111100000000000100000001000101101100010111000111011110100101000100001101000000
00100001100000000000100100000000101001100100110000001011110000000111100001100000001

