01000001100100000000100000000000111100111010111100111000110000001011100101000100000
01100001100100000000100100100000101100111010110100111001000000001111000101000100001


00111000000000000010001111101100100110111110000001011000000000001110000101010101011
00010101100100000000001111101000100010111110110100001000100000000111000101001101011
00001000001100000000000011000000100100111100110100011001110000001011100101000101000
01100111100100000001010111001000100100111010110100111001000000011111000101001101001
01000001100100000100010000000000111100111000111100111000110000011011100101000101000
01100001100100000100100100100000101100111010110100111001000000011111000101000101001
01000001100100000000100000000000111100111010111100111000110000001011100101000100000
01100001100100000000100100100000101100111010110100111001000000001111000101000100001
10000001100100000000010001001000100000111111110111001000100000010011000101000101000
10111000001100000001011101000000100110111110110110011001000000011111000101000101011
11000111100100000100000000001000110100111010111100111000110000011011100101001101000
11100001100100000100100100100000101100111000110100111001000000011111000101000101001
00110111100100000010101110001100100110111110110101011101110100100111100101011100011
00010000001100000000001111000000100110111100010100011001110000001111100101000101011
01000111100100000000000011001000100100111010111100111001110000001011100101001101000
01100001100100000001010111000000101100111000110100111001000000011111000101000101001
01000001100100000100010000000000111100111010111100111000110000011011100101000101000
00010001100100000010001111000100101010110110110101001101110100100110100001010001011
00011000001000000000001111000000100110111110010000011001110000000111100101000101011
00000111100100000000000011001000100000111110110100001001110000001011100101001101000
01100001100100000001010111000000100100111000110100111001000000011111000101000101001
00100000010000000010000111000000101100111110010001011000110100100110100101000101001
00010111100100000000001111001000100010111110110100001001110000000111100101001101011
01010111100100000000001111001100101010111010110101001101110100101110100101011101011
00011000000100000000001111000000100110111100010100011001110000000111100101000101011
00000101100100000000000011001000100100111110110100011001110000001011100101001101000
00010001100000000000001111001100101110111110110000011100110000000111100101010101011
00010000001100000000001111000000100000111110010100001001110000001111100101000101011
00110001100100000010101110001100101010111110100100001100110000000110100101010100011
00011000001100000000001111000000100100111110010100011001110000000111100101000101011
00000111100100000000000011001000100100111110110100011001110000001011100101001101000
00010111100000000000001111001100101010111110100001001001110000000111100101011101011
00011000001100000000001111000000100010111100110100001001110000001111100101000101011
01010000000000000000001111001100100010111000100001001000110000001111100101010101011
01010101100100001000001111001000100010111010110100001001110000001111100101001101011
01000001100100000000000011000000100100111000111100111001110000001011100101000101000
01100001100100000001010111000000101100111010110100111001000000011111000101000101001
00011000000000000000001100101100101110111110000001011000000000000110000101010101011
00010101100100000000101100101000110010111110010100011000100000000111000101001100011
00001000011100000000100000110000110100111100110100111001100000001011000101000100000
01100111100100000010100110011000101100111010110100111000000000001111000101001100001
01000001100100000000000011100000101100111000111100111000100000001011000101000101000
01100001100100000001010111100000101100111010110100111001000000011111000101000101001
01110001100110010000001111000100100010110010110100001101110000001110100101010001011
00011000010100000000001111000000100100111110010100011001110000000111100101000101011
00111000001100000010101110101100100110110110110100011000101111100110011101010000011
00010111100100000000001111101000100100111110110100011101100100100110000101001101011
00000000001100000000000011000000100100111100010100011001110000000011100101000101000
00100111100100000001010111001000100100111110110100011001000000011111000101001101001
01000001100100000100010000000000110100111000111100111000110000011011100101000101000
01010000000100000010001111110010100110110000010100111001100000001111000101000001011
01000101100100010000000011001000101100111010111100111001110000001011100101001101000
01100001110100000001010111000000101100111000110100111001000000011111000101000101001
01000011100100000100010000001000111100111010111100111000110000011011100101001101000
01100001100100000100100100100000101100111000110100111001000000011111000101000101001
00010101100000000000001111001100100110111110100001011000110000001111100101011101011
01010001100100000000001111000000100010111000110100001001110000001111100101000101011
01000001100100000000000011000000100100111010111100111001110000001011100101000101000
10000101100100000000000011001000100000111110110101001100110000000011100101001101000
10111000001100000001011111000000100110111101010110011001000000011111000101000101011
11000111100100000000000000001000110100111010111100111000110000001011100101001101000
11100001100100000000100100100000101100111000110100111001000000001111000101000100001
01010101100100000000001111001100100010110010110101001001110100101110100101011001011
00011000000100000000001111000000100110111100110100011001110000000111100101000101011
00111000001000000010001111000110100110110100100001011000110000001100100001010001011
00010111100000010000001111001000100010111110110000001001110000000111100101001101011
00001000011100000000000011000000100000111100110100001001110000001011100101000101000
00000101100000010000100000011000111000111110010000011000010000000011100101001100000
00101000011100000010100110100000100000111100110100001000100000001111000101000100001
00111000011000000001001111001100100110110110110001011001010000000100100001010001011
00010111100000000000001111001000100010111110110000001000110000000111100101001101011
00001000001100000000000011000000100000111100110100001001110000001011100101000101000
00001000011100000000000011011000101100111100110101011000100000001011000101000101000
01110111100100001011011111001000100110111010110100111000000000011111000101001101011
01000001100100000100000000100000111100111000111100111000100000011011000101000101000
01100001100100000100100100110000111100111010110100111000000000011111000101000101001
01000001100100000000100000110000111100111010111100111000100000001011000101000100000
01100001100100000010100110110000101100111010110100111000000000001111000101000100001
01000001100100000000000011100000101100111010111100111000100000001011000101000101000
01100111100010010000101100111000110100111010110000111100100000001111000101001100011
01000000010100000000100000110000111000111000011100111001100000001011000101000100000
01100111100100000010100110111000101100111010110100111000000000001111000101001100001
01110001100010000000001111001100101010111000110000001001110000001111100101010101011
01010001100100001000001111000000100000111010110100001001110000001111100101000101011
01000000010100000000000011001000100000110000011101001001110000001011100001000001000
01110111100000001001011111001000100110111010110000111001000000011111000101001101011
01000001100100000100000000000000111000111000011100111000110000011011100101000101000
00010101100100000000001111001000100110111110110100011001110100101110100101001101011
00000001100100000000000011000000100100111100110100011001110000000011100101000101000
00100001100100000001010111000000100100111110110100011001000000011111000101000101001
01000001100100000100010000000000110100111010111100111000110000011011100101000101000
00010101100000010000001111001100100110111110110000011001010000001111100101011101011
01010001110100000000001111000000100000111000110100001000110000001111100101000101011
01000011100100000000000011001000100100111010111100111001110000001011100101001101000
00001000000100000000000011011000100100110100110101011000100000000011000101000001000
00110101100100001011011111001000100110111110110100011000000000011111000101001101011
01000001100100000100000000000000110100111000111100111000110000011011100101000101000
00101000010100000010000111000010100100110110010101011000010000000111100001000001001
00010111100000010000001111001000100110111110110000011000110000001111100101001101011
01000001110100000000000011000000100000111000111100001001110000001011100101000101000
01100011100100000001010111001000100100111010110100111001000000011111000101001101001
00110001100000001000001100001010100110111110110000011000010000000110100101000101011
00000001100100010000100000000000100000111110110100001000110000000011100101000100000
00101000011100000000100100000000100100111110110100011001010000001111100101000100001
01000111100100000000100000001000100100111010111100111000110000001011100101001100000
01100001100100000000100100100000101100111000110100111001000000001111000101000100001
10110000000010000100001100100010111110111110110000111001100000010110000101000101011
10000101100100010100100000011000111000111110010100011001110000010011100101001101000
00101000011100000010100100000000100100111100110100011001010000001111100101000100001
00111000010010000000001111001100100010111100100001001001110000001111100101010101011
01010111100100001000001111001000100010111010110100001001110000001111100101001101011
00010111100100001000001111101100100010111110110101001101100100100111000101011101011
00011000001100000000001111000000100110111100010100011001110000001111100101000101011
01110001100110000000001111000000100010111010100100001000110000001111100101000101011
00011000000100000010001111100000101110111100110100011000100000001111000101000101011
01000101100100000000000011101000100100111010111100111001100000001011000101001101000
00110000000100000010001111011100101110110110010101011000000000000111000101010001011
00010101100100000000001111001000100110111110110100011000110000001111100101001101011
10000101100100000010010001011000111100111111100111111000100000011011000101001101000
11110001100100000011011101100000111110111000110110111001000000011111000101000101011
11000001100100000100000000100000111100111010111100111000100000011011000101000101000
11100001100100000100100100110000111100111010110100111000000000011111000101000101001
00010001110000000000011111001000101110111100110000011001100000011110000101000101011
00000011100100001100000000001000110000111110010100011001110000010011100101001101000
00101000011100000100100100000000100100111100110100011001010000011111100101000101001
11000001100100010000100000110000111000111010011101111100100000001010000101000100000
00111000011100000010101110110000101110111110010100011000000000000111000101000100011
00000111100100000000000011101000100100111110110100011000100000001011000101001101000
01100001100100000001010111100000100100111000110100111001000000011111000101000101001
00010001100000000000001111001000100110111100110000011001010000000111100101000101011
00000001100100001000000011000000100000111110110100001000110000001011100101000101000
01100001100100000001010111000000100100111010110100111001000000011111000101000101001
00110111100110000000001111001100101110110110110101011101110000000111100001011001011
00010000001000000000001111000000100110111100010000011001110000001111100101000101011
01000111100100000000000011001000100000111010111100001001110000001011100101001101000
00110000010000000010001111000000101100110100000001011000010000000100100101000001011
00010111100100000000001111001000100010111110110100001000110000000111100101001101011
11110001100110000100001100101000101110111010110100111000000000011110000101000101011
10000001100100000100100000100000111100111110110100111000100000010011000101000101000
00100001100100000000100100110000111100111110110100111000000000001111000101000100001
00010111100100010000001111001100100010111110110101001000110100100111100101011101011
00011000011100000000001111000000100110111100110100011001110000001111100101000101011
00000111100100000010000011001000101100111110100101011100110000000010100101001101000
00110000001100000001011111000000100110111100010100011001000000010111000101000101011
00000111100100000100000000001000110100111110110100111000110000011011100101001101000
00111000011110000000001111000100100110111110010101011001010000000110100101010101011
00010111100100000000001111001000100110111110110100011000110000000111100101001101011
00000001100100000000000011000000100100111100110100011001110000001011100101000101000
00011000010000000010001111001000100110111110010000011001110100101111100101000101011
00110111100100000010101110001100100010110110100100001100110000000110100101011000011
00011000001100000000001111000000100100111100010100011001110000000111100101000101011
00010111100000001011011101001000111110110110110000111000100100111100000001001001011
00000001100000000100000000110000111000111100010000011001100000010011000101000101000
00101000011100000110100100010000110000111110010100011000010000011111100111000101011
01000111100100000000100000001000100100111010111101111000110000001011100101001100000
01110001100100000000101100100000101110111000110100111001000000001111000101000100011
00111000010100000011001111010110100110111110110101011001100100100110000101010101011
00010111100100010000001111001000100110111110110100011001110000000111100101001101011
00000001110100000000000011000000100100111100110100011001110000001011100101000101000
00100111100010010000001111001000100100111110100001011101110000000111100101001101011
00010000011100000000001111000000100010111100010100001001110000001111100101000101011
00010000001000000010101110010010101100110110010000011000100100101100000101000000011
00000111100100010000000011001000100000111110110100001001110000000011100101001101000
00101000011100000001010111000000100100111100110100011001000000011111000101000101001
01000111100100000100010000001000110100111010111100111000110000011011100101001101000

