01100001100000000000100100000000100000100010110000001011110000001111100001100000001
01000001100000000000100000000000100000100010111000001011110000001011100001100000000


00010000000000001000101100000100100110100110010000011011110000001110100001110000011
00010101100000000000101100001000100000100110110000001011110000000111100001101000011
00001000001000000000100000000000100000100100110000001011110000001011100001100000000
01100101100000000000100100001000100000100010110000001011110000001111100001101000001
01000001100000000000100000000000100000100000111000001011110000001011100001100000000
01100001100000000000100100000000100000100010110000001011110000001111100001100000001
01000001100000000000100000000000100000100010111000001011110000001011100001100000000
01010101100000000000001100001100110110100010110001111010010000001100100101111001011
00010001100100000000101100000000101010100100110100001010110000000111100001100000011
00001000001000000000100000000000100100100110110000011011110000001011100001100000000
10001000000100010000000000000010101000100110110100001010110000001011100001100001000
11100101110000010000100100001000100100100010110000111011010000001111100001101000001
01000001110000000000100000000000101000100000111000001010110000001011100001100000000
01011000010100010100101100001110001110100010110100111001010000011111100001110001011
01010111110000010000101100001000101100100010110000111010110000001111100001101000011
01000001110000000000100000000000101000100000111000001011110000001011100001100000000
00110101100000000010001100001100101110100110110000011010110100100110100001111001011
00010001100000000000101100000000100000100100110000001011110000000111100001100000011
00001000001000000000100000000000100000100110110000001011110000001011100001100000000
01000001100000000000100000000010111100100000100001111110110000001011100111100000010
01110000000100010000101100000000101010100010010101001011110000001111100001100000011
01010101110000000000101100001000100110100010110000111011110000001111100001101000011
01000001100000000000100000000000101000100000111000001011110000001011100001100000000
00001000010100000000100000001000110100100110100101111010110000001011100111100000010
01110101100100000000101100001000101110100010110101111011010000001111100001101000011
01010001100000000000101100000000101110100000110000111010110000001111100001100000011
01000001100000000000100000000000101000100010111000001011110000001011100001100000000
01010000010100000000001100000100101110100000000101111010010000001110100101110001011
00010101100100000000101100001000101110100110110100011010110000000111100001101000011
00000001100000000000100000000000100100100100110000011011110000001011100001100000000
10000101100000000000000011001000100100100110110001011011110000001010100001101001000
10110001100000000001011111000000100010100101110010001011100000010111000001100001011
10001000001000000000000000000000100000100110110000001011110000001011100001100001000
11100101100000000000100100001000100000100010110000001011110000001111100001101000001
00000000010100000011010000000000101100100100010101011011110100100010100001100001000
00110101100000000000101100001000100110100110110000011011110000000111100001101000011
00000001100000000000100000000000100000100100110000001011110000001011100001100000000
00011000010000000010001100001100110110100100100001111010110000001111100011110001011
01010101100000001000101100001000101010100010110000001011110000001111100001101000011
00010000011000000000101100001100101110100100110000011010110100101110100101110000011
00010111100100001000101100001000100000100110110100001011110000000111100001101000011
00001000001000000000100000000000100100100100110000011011110000001011100001100000000
00011000000000000100001100000110111110100100110001111000110100110110100011110001011
00010101100000010100101100001000101010100110110000001011110000010111100001101001011
00001000011000000000100000000000100000100100110000001011110000001011100001100000000
01100111100000000000100100001000100000100010110000001011110000001111100001101000001
00001000011000000011010011000010100100100100010001011011100000010010000001100001000
00110111100000010101011100001000110010100110010000011011010000010111100001101001011
00001000011000000100100000000000100000100100110000001010110000011011100001100001000
00010101100100000010001100001000010100100110110100111100110100100110100101101001011
00000000001100000000100000100000101100100100010100011011100000000011000001100000000
00100101100000000000100100001000110100100110110000111011010000001111100001101000001
01000001100000000000100000000000101000100000111000001010110000001011100001100000000
00010000000100010000001100001110101110100110000100011010110000001110100101110001011
00010101110100010000101100001000100100100110110100011011110000000111100001101000011
00000001110000000000100000000000100100100100110000011011110000001011100001100000000
00010111110000010000001100001000101110100110110000011111110000000111100001101001011
00000000011000000000100000000000100000100100010000001011110000001011100001100000000
01011000000000000000001100001100101010100000110001001011111111101111111101110001011
01010101100100001000101100001000100010100010110100001111110100101110100001101000011
00001000000000000000100000000000100100100100010000011011110000000011100001100000000
00100101100000000000100100001000100000100110110000001011110000001111100001101000001
00111000010000010101011100000100101110100110010001011011110100110100100101110001011
00010101110100000100101100001000100010100110110100001011110000010111100001101001011
01010001110000000000001100000110100110100010110001111010010000001100100101110001011
00010001100100010000101100000000101010100110110100001010110000000111100001100000011
00001000011000000000100000000000100100100110110000011011110000001011100001100000000
00101000000010000000001100000011100100100100110001011010110000000110100101100001011
00010101100100010000101100001000100010100110110100001011110000000111100001101000011
00001000011000000000100000000000100100100100110000011011110000001011100001100000000
01010111100100000011001100001100101110100010100101111010110000001111100001111001011
01010001100000000000101100000000101110100000110000111011110000001111100001100000011
00010111100100000010011111011100100110100110100101011000000000010111000001011001011
00010001100000000100001100000000110110100100110000111000110000011111100001100001011
01000001100000000100100000100000101000100010111000001011100000011011000001100001000
00010111110100010000011111001100100110100110110101011010100100110110000101111001011
00010001110100000100001100000000110110100100110100111011110000010111100001100001011
00000001100000000100100000000000101100100110110000011011110000011011100001100001000
00010111100100010000101100001000100110100110100101011010010000001111100001101000011
01010001110000000000101100000000100110100000110000111010110000001111100001100000011
00000101100100000000000000001000101100100110110100011010010000001011100001101001000
01100001100000000000100100000000100100100000110000111010010000001111100001100000001
01000001100000000000100000000000101000100010111000001010110000001011100001100000000
01010000010000010000001100000010100010100010000001001011110000001111100001100001011
01010101110000010000101100001000100010100010110000001011110000001111100001101000011
01000001110000000000100000000000100000100000111000001011110000001011100001100000000
00011000000100000011011111001100101110100100010100011011101111110110011101110001011
00010101100100001100001100001000110100100110110100111111110100110110100001101001011
00000000001000000100100000000000101100100100010000011011110000010011100001100001000
00110000010110000000001100000001101110100110010101011011110000000111100001100001011
00010101100000000000101100001000100110100110110000011011110000001111100001101000011
00100111110010010000101100001000100000100110100000001111110000001111100101101000011
01000000011100000000100000000000100000100000011100001011110000001011100001100000000
01100111100000000000100100001000100100100010110000111011010000001111100001101000001
01111000011000010000101100000110110110100010010001111011010000001111100011110000011
01010111110000010000101100001000101010100010110000001010110000001111100001101000011
00011000000100000111011100001100110110100100100101111000110000010110100111110001011
00010101100100001100101100001000101110100110110100011011110000010111100001101001011
00000001110000000011010000001000101100100100110001011010110000001000100001100001000
00110001100000001000101100000000100010100110110000001011110000000111100001100000011
00000101110100010000100000001000110000100110010101001011110000001010100011101000010
00111000011000000000101100000000100110100100110001011011010000000111100001100000011
00010111100000000000101100001000100010100110110000001010110000001111100001101000011
01100001100110000100001100001001100100100000110101111011110000011110100001100001011
00010001100000001100101100000000101110100110110000011011110000010111100001100001011
00000001100000000000100000000000100000100110110000001011110000001011100001100000000
00010000000000000010001100000100101110100100010001011010110100101100100101110001011
00010101100100000000101100001000100010100110110100001011110000000111100001101000011
00100101100010000100001100001000101100100110110001011011110000011100100001101001011
00010001100000000100101100000000100010100100110000001011110000010111100001100001011
00011000011000000000101100000100010110100100010001111000110000000110100111110000011
00010111100100000000101100001000101010100110110100001011110000000111100001101000011
00111000011010000000001100000001101110100100010001011011110000000110100101100001011
00010111100100000000101100001000100010100110110100001011110000000111100001101000011
00011000010000010010101100001110101110100110110000011011110100101100100101110000011
00010101110100010000101100001000100000100110110100001011110000000111100001101000011
00011000000000010000001100001110011110100110010001111001110100100100100111110001011
00010101110100010000101100001000101010100110110100001011110000000111100001101000011
00011000010100010000001100001100100110100110010101011011110000000111100001110001011
00010101110000000000101100001000100110100110110000011011110000001111100001101000011
01000001110000010010000011001000101100100010111001111011110100101010100101100001000
00110001110100000001011111000000101010100110110100001011100000010111000001100001011
00001000001000000100000000000000100100100110110000011011110000011011100001100001000
01100101100000000100100100001000100000100010110000001011110000011111100001101001001
00000000010000010011010011000000100100100110010001011010100100110011000101100001000
00110101110100000101011100001000110010100110010100011011110000011111100001101001011
01001000011000000100100000000000100100100000111000111011110000011011100001100001000
01100111100000000000100100001000101000100010110000001011110000001111100001101000001
00010000000000000000001100010110010110100110110001111001110100100100100111110001011
00010101100100010000101100001000101010100110110100001011110000000111100001101000011
00010000000100000000001100000110111110100110010101111010010000000110100011110001011
00010101100000010000101100001000101110100110110000011010110000000111100001101000011
00000001110000000000100000000000100000100100110000001011110000001011100001100000000
10100001100010010000101100001001101100100110110001011010111111100100111101100000011
00010101110100000000101100001000100010100110110100001111110100100110100001101000011
00001000001000000000100000000000100100100100010000011011110000000011100001100000000
00111000010110000000001100001100100110100110000101011001010000001111100001010001011
01010111100000000000101100001000100110100010110000111000110000001111100001101000011
01000001100000000000100000100000101000100000111000001011100000001011000001100000000
10011000001100010000001100000110010110100110100101111001110000001110100001110001011
10010111110000010000101100001000101110100110110000011011110000000111100001101000011
11000000011100000110100000100010111100100010111100111011100000011010000101100001000
00100111100100010000100100011000111100100110110100111010010000000111100001101000001
00000001110000000000100000000000101100100100110000011010110000001011100001100000000
00110000010000010010101100000000111110100110010001111000110000000111100111100000011
00010111110100000000101100001000101010100110110101001011110000001111100001101000011
01010001100000000000101100000000100110100000110000111011110000001111100001100000011
11110000011000010000101100001100101110100010000001111011010000001100100101110000011
00010111110100000000101100001000101010100110110100001010110000000111100001101000011
00111000010010000000101100000110101110100100010001011010010000000110100001110000011
00010101100000010000101100001000100010100110110000001010110000000111100001101000011
01100111100100010111000100001000100000100010110100001000110000011111100101001001001
01000001110100000100100000000000100100100000111100111001110000011011100001000001000
01100011100000000000100100001000101100100010110000111001010000001111100001101000001
00000000000100000100100000000010100100100110110100011011110000010010100001100000000
00100101100000010000100100001000100100100110110000011011010000000111100001101000001
00000001110000000000100000000000100000100100110000001010110000001011100001100000000
00010000010100000100101100000100111110100110010100111001110100110111100001110000011
00010111100000000000101100001000101100100110110000011011110000001111100001101000011
00010001100000000000101100000110101110100110110001011010111111100100111101110000011
00010101100100010000101100001000100010100110110100001111110100100110100001101000011
00001000011000000000100000000000100100100100010000011011110000000011100001100000000
00100111100000000000100100001000100000100110110000001011110000001111100001101000001
10000111100000000000000011001000101100100110110001011011110100100000100001101001000
00010000011000000000001100000110101110100110110001011011110100100100100101110001011
00010111100100010000101100001000100010100110110100001011110000000111100001101000011
00010000000000000000101100001100101110100100100001011011110000000111100001110000011
00010101100000001000101100001000100010100110110000001011110000001111100001101000011
01011000011000000000101100000100101010100010110000001010110100101111100001110000011
01010111100000000000101100001000100000100010110000001011110000001111100001101000011
00000000000000010000000011000000100100100110010001011011110000001010100101100001000
00110101110100000001011111001000100010100110110100001011100000010111000001101001011
00001000001000000100000000000000100100100100110000011011110000011011100001100001000
00111000001000010000101100001100101110100110010001011010110100100100100001110000011
00010101110000000000101100001000100010100110110000001011110000000111100001101000011
00010000000000000101011100000100101110100110010001011010110100111111100001110001011
01010101100000000100101100001000100010100010110000001011110000011111100001101001011
01110001110110000000001100000010101110100000110100111000010000001111100101100001011
01000011100100010000100000101000101100100010111100111010100000001011000001101000000
01100001110000000000100100000000111100100000110000111011010000001111100001100000001
01100111100010000000011101001001100100100010110001111011100100111100000001101001011
00010001100000000100001100000000111010100100010000011011110000010111100001100001011
00001000011000000100100000000000100000100110110000001011110000011011100001100001000
00010000011000000010101100000100101110100110010001011010110100100110100101110000011
00010001110100000001011101000100101110100110110100011010100100111110000101110001011
00010001100100000100001100000000110100100110110100111011110000010111100001100001011
00010111110100000000001100001000101010100110110100001110110000000110100001101001011
11010000011000000000101100001110100110100010010000111010110100101110100101110000011
00010111100100010000101100001000101000100110110100001011110000000111100001101000011
00010001100100001000001100010000110000100110000100001010110000000111100101100001011
00001000011100000000100000000000100100100110110100011011110000001011100001100000000
01000000011100000100100000000000101100100000011101111010010000011011100001100001000
01110111100000000000101100001000101110100010110000111010010000001111100001101000011
00010111110100010000001100001000110010100110010101011110110000000110100111101001011
00011000011100000000101100000000100110100100010101011011110000000111100001100000011
00010111100000000000101100001000100110100110110000011011110000001111100001101000011
00011000011000000100101100000100101110100100010001011011010000011110100001110000011
00010111100000000000101100001000100010100110110000001010110000000111100001101000011
01010000010100000100001100000110010010100000010101111001110100111111100011110001011
01010111100000010100101100001000101110100010110000111011110000011111100001101001011
10111000011100000000101100000000101100100100110100011000110100100111100101000000011
00000111100100000000100000001000100100100110110100011001110000001011100001001000000
01100001100000000000100100000000100100100000110000111001010000001111100001100000001
10110001100110000100001100000110100110100110100100011011110000010111100001110001011
10010001100000010100101100000000100100100110110000011011110000011111100001100001011
01000001110000000000100000000000100000100010111000001011110000001011100001100000000
01010001100100010100001100000100101110100010110100111010110100111111100001110001011
01010001110000000100101100000000101100100010110000111011110000011111100001100001011
00010000010100000000101100001100101110100100000101011010110000000110100001110000011
00010101100000001000101100001000100110100110110000011011110000000111100001101000011
11010111100000010011011111001000101010100011110010001110100000011111000101101001011
11001000010100000000000000000000100000100000011100001011110000001011100001100001000
11100101100000000000100100001000100100100010110000111011010000001111100001101000001
00110111100100000000101100001100110010100110010100011111110100100110100111111000011
00011000011100000000101100000000100100100100010101011011110000000111100001100000011
01000101100000000001010000001000111100100010111000111011110000001000100101101001000
00100001100100000000100100000000101000100100110100001011110000000111100001100000001
00011000001100000111011100001100101110100110110101011001010000011111100101010001011
01010111100100000100101100001000100110100010110100111000110000011111100001101001011
01000001100000000000100000100000101100100000111000111011100000001011000001100000000
01100001100000000000100100000000111000100010010000111011010000001111100001100000001
00000111100100010000000000001000101100100110100101011011010000000010100101101001000
00110001110100000000101100000000100110100100110100011010010000000111100001100000011
00000001100000000000100000000000100100100110110000011010110000001011100001100000000
00001000000100010010100000000000101100100110010101011011110000000010100101100000000
00110101110100000000101100001000100110100110110100011011010000000111100001101000011
00000001100000000000100000000000100100100100110000011010110000001011100001100000000
01110001110010000000101100000111100110100000110001111010110100101100100101110000011
00010001100100010000101100000000101010100110110100001011110000000111100001100000011
01100111100110010000101100001000110000100010010100111111110000001110100001101000011
00001000011000000000100000000000101100100100010000011011110000000011100001100000000
01010101100000000000101100001100101110100010110001111011010000001100100101111000011
01011000000000000000101100001110111010100010010000111011110100101111100001110000011
01010101100000010000101100001000101000100010110000001011110000001111100001101000011
00111000000100000000101100001110110110100110110101111001010000001110100001110000011
00010000010000010010101100000110100110100110000000011011010000000110100001110000011
00010101110000010000101100001000100000100110110000001010110000000111100001101000011
00011000000000010011001100001010111110100110010001111010110100100111100111100001011
00010101110100010000101100001000101010100110110101001011110000001111100001101000011
01010001110000000000101100000000100110100000110000111011110000001111100001100000011
00111000011110000100101100001111011110100110010101111000111111110110111101110000011
00010111100100010000101100101000101110100110110100011111100100100110000001101000011
00000000011000000000100000000000110100100100010000111011110000000011100001100000000
00100111100000000000100100001000101000100110110000001011110000001111100001101000001
10010001100100000010001100001000110110100100110101111011110000000110100101100001011
10010001100100001000101100000000101110100110110100011011110000000111100001100000011
00000001100000000000100000000000100100100110110000011011110000001011100001100000000
00111000010000010110001100000110111110100110110001111001110100110100100011110001011
00010111110000010100101100001000101010100110110000001011110000010111100001101001011
00011000010000000000101100000100011110100110100001111001010000000100100101110000011
00010111100100000000101100001000101010100110110100001010110000000111100001101000011
00010000000100000000101100000100100110100100010101011011110000000110100101110000011
00010101100100000000101100001000100110100110110100011011110000000111100001101000011
00011000001100010000001100001010100110100110110100011010110000000110100101100001011
00000101110100010000100000001000100100100110110100011011110000000011100001101000000
00100001110000000000100100000000100100100100110000011011010000001111100001100000001
01000001100000000000100000000000100000100010111000001010110000001011100001100000000
00011000011100000000001100000110110110100110110101111001010000001110100011110001011
00010111100000010000101100001000101110100110110000011010110000000111100001101000011
01000101100000010011010000001000010000100010011001111000110000001011100111001001010
01011000011100000000101100000000001010100000110101001001110000001111100001000000011
01010111100000000000101100001000000110100010110000111001110000001111100001101000011
01010000000000000000101100001100111010100010010000111000110100101111100001110000011
01010101100000000000101100101000101000100010110000001011100000001111000001101000011
00000001100100000000000000000010001100100110110101011000010000001011100101000001000
01010001100100010000101100000000000110100010110100111000010000001111100001100000011
01000001110000000000100000100000101100100010111000111010100000001011000001100000000
00010001100000000010101100001100100110100100110001011010110100100100100001110000011
00010001100000001000101100000000100010100110110000001011110000000111100001100000011
00011000011000010000101100000110011110100110010001111000110000001100100101110000011
00010111110100010000101100101000101010100110110100001011100000000111000001101000011
00000111110100010100100000001000101100100110100101011011110000010010100001101001000
00110001110000000000101100000000100110100100110000011011010000000111100001100000011
00000001100000000000100000000000100000100110110000001010110000001011100001100000000
01010111110100010100001100101100101110100010110101111011100100111110000101111001011
00010001110100000100101100000000111110100100110100111011110000010111100001100001011
00000001100000000000100000000000101100100110110000011011110000001011100001100000000
11010000000000001010011111000000100110100011000011111010100000011100000001100001011
10010101100000000000001100001000111010100110010000011011110000000111100001101001011
10001000011000000000100000000000100000100100110000001011110000001011100001100000000
00010001100000010000001100000110011110100110110000111000110100101110100001110001011
00010001110000010000101100100000101000100110110000001011100000000111000001100000011
00001000011000000000100000000000100000100110110000001011110000001011100001100000000
00010001100100000000101100001000101010100110110100001110110000000110100101100000011
00001000001100000000100000000000100100100110010100011011110000000011100001100000000
00100101100000000000100100001000100100100110110000011011010000001111100001101000001
01000001100000000000100000000000100000100000111000001010110000001011100001100000000
10010001100100000000101100000110101010100100100100001001110000001111100001010000011
01010001100000010000101100000000100100100010110000111001110000001111100001100000011
01000001110000000000100000000000101000100010111000001011110000001011100001100000000
01010001100000010000101100010110110110100010110001111011111111101100111101110000011
00010101110100010000101100001000101010100110110100001111110100100110100001101000011
00000111110100000000100000001000111000100110010101011111110000000011100011101000010
00111000011000000000101100000000100110100100010001011011010000001111100001100000011
01010111100000000000101100001000100010100010110000001010110000001111100001101000011
00010000010000000000001100001100110110100100100000111011010000000100100001110001011
00010101100000001000101100001000101000100110110000001010110000000111100001101000011
00100111110100010000100100001000100100100110110101011010110000000110100001101000001
00010001110000000000101100000000100110100100110000011011110000000111100001100000011
01010001100000000000001100000100101110100000110001111001111111101100111101110001011
00010101100100000000101100001000101010100110110100001111110100100110100001101000011
01010000000000010000101100001100111110100010010001111010110100101100100011110000011
00010101110000000000101100001000101010100110110000001011110000000111100001101000011
00011000010000000000101100001100101110100110110001011011110100100100100101110000011
01010111110100000111011100001100101110100010110100111011110100111110100101111001011
00010001100100000100101100000000101100100100110100011011110000010111100001100001011
01100001100010000000101100000000100100100010110000111010110000001111100101100000011
01000001100100000000100000000000101000100010111100001011110000001011100001100000000
01100001100000000000100100000000100100100010110000111011010000001111100001100000001
10111000011010000100101100001101100110100110110001011010110100110110100001110001011
00010111100000000000101100001000100010100110110000001011110000000111100001101000011
01110001100100010000101100000100101110100010110101111010110100101111100001110000011
01010001110000000000101100000000101110100010110000111011110000001111100001100000011
01010000000000000000001100000110110110100010110000111010110100101100100001110001011
00010101100000010000101100001000101000100110110000001011110000000111100001101000011
00111000000000010001011101001100111110100110100001111011100000011100000011110001011
00010101110000000100001100011000111010100110010000011011110000010111100011101001011
00001000011000000100100000000000100000100100110001001011110000011011100001100001000
01110111100000000000101100001000100010100010110000001011110000001111100001101000011
01010000010100000001001100000100100110100000010101111010110100101111100001110001011
01010101100000000000101100001000101110100010110000111011110000001111100001101000011
01011000011000010001011111001110101110100010010001111011100100111100000001110001011
00010111110000010100001100001000111010100110010000011011110000010111100001101001011
00001000011000000100100000000000100000100100110000001011110000011011100001100001000
00110000011000000000101100001110101110100110100001011011110000000100100101110000011
00110000010110010100101100010110111110100110000100111010010000011110100101110000011
00010101110100010000101100001000101100100110110100011010110000000111100001101000011
00010001100000001000101100000100101110100110100001011011010000000100100101110000011
00010001100100000000101100000000100010100110110100001010110000000111100001100000011
00011000010000000000001100001100110110100110110001111010010000000100100101110001011
00010101100100000000101100001000101010100110110100001010110000000111100001101000011
10001000011000000100100000000010111000100110010001011011110000011011100001100001000
01110111100000010000101100001000100010100010110000001011110000001111100001101000011
00110001100100000100101100001110100110100110110101011011010000011111100001110000011
01010001100000010000101100000000100110100010110000111010110000001111100001100000011
00010111100100010010001100001100101110100110110101011010110100101111100001111001011
00010111100100001000101100001100101110100110100101011010110000000110100101111000011
00010001100100000000101100000000100110100100110100011011110000000111100001100000011
00010000010100000000001100001110100110100110010101011010110100100111100001110001011
00010101100000010000101100001000100110100110110000011011110000001111100001101000011
00011000010000000011001100000010100110100110010001011010110000001100100101100001011
10010000011100010000101100001000101000100110000100001011110000001111100101100000011
01000111110100000000100000001000100100100010111100111011110000001011100001101000000
01100001100000000000100100000000101100100000110000111011010000001111100001100000001
00011000011000000011011111001100100110100110110001011010100100110100000001110001011
00010111100000000100001100001000110010100110010000011011110000010111100001101001011
00100000010110010000101100000000101100100110010101011011010000000110100101100000011
00010101110100000000101100001000100110100110110100011010110000000111100001101000011
01010001100100010100101100001110100110100010100100111000010000011110100001110001011
00010001110000010000101100100000101100100110110000011010100000000111000001100000011
00000001110000000000100000000000110000100110010000011011110000001011100001100000000
01010000010100000000101100001100001110100010010101111001111111101110111101110000011
00010111100100000000101100001000101110100110110100011111110100100110100001101000011
00000000001000000000100000000000100100100100010000011011110000000011100001100000000
00010111100100000011011111001000100100100110110100011111100100110111000001101001011
00000000001000000100000000000000110100100100010000111011110000011011100001100001000
01100101100000000100100100001000101000100010110000001011110000011111100001101001001
00010101100100010000001100001000100110100110100100011010010000000111100001101001011
00000001110000000000100000000000100100100100110000011010110000001011100001100000000
00110001100000000000101100001100111110100100110000111000110000001100100001110000011
00010001100000001000101100100000101000100110110000001011100000000111000001100000011
01000001100100010010100000001010100000100010111101001010110100101011100001100000000
01110001110000010000101100000000100110100010110000111011110000001111100001100000011
00010000011000000011011111000000101110100100010000011010100000010111000101100001011
00000111100100000100000000001000110000100110010100011011110000011011100001101001000
01100001100000000100100100000000100100100000110000111011010000011111100001100001001
00010111100100010000001100001100100010100110100101001010110000001111100001111001011
00010001100100000100001100001110111110100110100101111011110000010110100001110001011
00010001100000010100101100000000101110100110110000011011110000010111100001100001011
00000001110000000000100000000000100000100110110000001011110000001011100001100000000
01011000010100010100101100001100111110100010000101111010110000011110100101110000011
00010101110100000000101100001000101110100110110100011011110000000111100001101000011
00010000010100000000001100010110010110100100010101111000110000000110100001110001011
00010111100000010000101100101000101110100110110000011011100000000111000001101000011
00000001110000000000100000000000110000100100010000011011110000001011100001100000000
10010111110100010000001100001000100110100110110100011110110000000111100001101001011
10000000011000000000100000000000100100100100010000011011110000001011100001100000000
00011000000100000000001100001100010110100110000101111001110000001110100001110001011
00010101100000000000101100001000101110100110110000011011110000000111100001101000011
00010001110100000101011100000100100110100110100100011011110000011111100001110001011
01010001100000000100101100000000100100100010110000111011110000011111100001100001011
00000101100100000011010001001000000100100110110101011000000000011010000001001001000
00010001100000000101011100000000010110100100110000111000010000010111100001100001011
00000001100000000100100000100000101000100110110000001010100000011011000001100001000
00010111100100001000101100001000101110100110100100011110110000000110100101101000011
00000000001100000000100000000000100100100100010100011011110000000011100001100000000
00011000010000000000101100000110010110100100000001111000110000000100100011110000011
00010111100000010000101100001000101010100110110000001011110000000111100001101000011
01111000011010000000001100000111011110100000010001111000111111101111111111110001011
01010111100100010000101100001000101010100010110100001111110100101110100001101000011
00001000010000000000100000000000100100100100010000011011110000000011100001100000000
00100101110100000000100100001000110100100110110101111011110000000111100111101000011
00010001100100000000101100000000101110100100110101011011110000001111100001100000011
01010001100000000000101100000000100110100010110000111011110000001111100001100000011
00000000010100010000000000000010100100100110010101011010110000000010100101100001000
00110101110100010000101100001000100110100110110100011011010000000111100001101000011
00010001100100010011001100001000110010100110010101011010110000000110100011100001011
00011000011000000000101100000000100110100110110001011011110000000111100001100000011
00010111100000000000101100001000100010100110110000001011110000001111100001101000011
00111000000010000000001100001100110110100100010001111011010000000100100011110001011
00010101100000001000101100001000101010100110110000001010110000000111100001101000011
00011000001000010001011100000100011110100110000000111000110000000100100101110001011
00010111110100000000101100101000101000100110110100001011100000000111000001101000011
00011000000100000100001100001000011010100110010100011000110000011111100111000001011
01000101100100000100100000001000000100100010111101111001110000011011100001001001000
01010001100000000000101100000000001110100000110000111001010000001111100001100000011
00100000000010010000101100000001110000100110010001011011110000001111100001100000011
01010101110000000000101100001000100010100010110000001011110000001111100001101000011
00011000000000000000001100001100100110100100010001011011111111100111111101110001011
00010101100100001000101100001000100010100110110100001111110100101110100001101000011
00000001110100000000000000100000110100100110110101111001100000000010000001000001000
00110011100000000000101100011000111110100110110000111000010000000111100001101000011
00000001100000000000100000100000101000100100110000001010100000001011000001100000000
00001000000100000000100000001010101100100110000101011011110000000011100001100000000
00110101100000010000101100001000100110100110110000011011010000001111100001101000011
01000001110000000000100000000000100000100000111000001010110000001011100001100000000
01110111100010010000001100001100101110100010110001111010110000001110100101111001011
00010001110100000000101100000000101010100100110100001011110000000111100001100000011
00010000000100000000001100000000110110100110100101111010110000000111100111100001011
00010101100100000000101100001000101110100110110101011011110000001111100001101000011
00010001100100000110101100000000111010100110010100011011110000011110100101100001011
00001000011100000000100000000000100100100110110100011011110000000011100001100000000
00100111100000000000100100001000100100100110110000011011010000001111100001101000001
00110001100100010101011100101010101010100110110100001111100000010111000101100001011
00001000011100010100100000000000100100100110010100011011110000011011100001100001000
01100111110000000000100100001000100100100010110000111011010000001111100001101000001
01010001100100010100001100001010001110100010110100111101110100111110100101100001011
00000000010100010100100000000000101100100110010100011011110000010011100001100001000
00100101110000000000100100001000100100100110110000011011010000001111100001101000001
00011000000100010000001100010110110110100110100101111010010000001110100101110001011
00010101110100010000101100001000101110100110110100011010110000000111100001101000011
00011000010100000000101100000110101110100100110101011011110100100111100001110000011
00000000010100010000010011000010100100100110010101011010100000011010000101100001000
00110101110100010101011100001000110110100110110100111011010000010111100001101001011
00000001110000000100100000000000101100100100110000011010110000011011100001100001000
00010001110100010000101100001110011110100110110100111000110100100110100001110000011
00010011110000010000101100101000101100100110110000011011100000000111000001101000011
00011000010000000011011111101100101110100110110000011011100100110100000001110001011
00010101100000000100001100001000110000100110010000011011110000010111100001101001011
00001000011000000000000011000000100100100110110001011010110000000000100001100001000
00110111100000000001011111001000100010100110110000001011100000010111000001101001011
00001000001000000100000000000000100000100100110000001011110000011011100001100001000
00001000010100000000100000100010101100100110010100011011100000001010000001100000000
00100101100000010000100100001000110100100110110000111011010000000111100001101000001
00000001110000000000100000000000101000100100110000001010110000001011100001100000000
00010001100000000010101100001100110110100110110001111011010000000110100011110000011
00010001100000000000101100000000101010100110110000001010110000000111100001100000011
01011000000000010100101100011100010110100010110001111000110100111100100001110001011
00010101110000000000101100101000101010100110110000001011100000000111000001101000011
01110001110100010010101100001000100010100010110100001110110000001110100001100000011
00001000010000000000100000000000100100100110010000011011110000000011100001100000000
00001000011000000000000011101000101100100100110001011011100000000011000001100001000
00110111100000001001011111001000100010100110110000001011100000011111000001101001011
01001000001000000100000000000000100000100000111000001011110000011011100001100001000
01110001100100010010001100001000100110100010110100111110110000001110100001100001011
00000000010000000000100000000000101100100110010000011011110000000011100001100000000
00111000010010000100001100000100100110100100000001011010110000010111100001110001011
00010101100000000100101100001000100010100110110000001011110000011111100001101001011
00100111100110010000101100011001011100100110110101111101110100100110100011101000011
00010000011000000000101100000000101110100100010001011011110000000111100001100000011
00011000010100000010001100001010111110100110000100111011010000000110100101100001011
00000101100100010000100000001000101100100110110100011010110000000011100001101000000
00011000011100000000101100000100101110100100110101011010010000000111100001110000011
00010111100000000000101100001000100110100110110000011010110000001111100001101000011
00110001100100000000101100001100110110100100110101111010010000000110100111110000011
00010001100100001000101100000000101110100110110100011010110000000111100001100000011
00011000010100000011011100001110010110100110000101111001110000001110100011110001011
00010111100000010000101100001000101110100110110000011011110000000111100001101000011
00001000010100000000100000000000111100100100100101111011010000001011100111100000010
01110101100100000000101100001000101110100010110101111010010000001111100001101000011
00010000001100000110101100111100111110100100010101111010101111110111011111110000011
00010111100100001000101100011000111110100110110100111111110100101110100011101000011
00000000001000000000100000000000101100100100010001011011110000000011100001100000000
00110101100000000000101100001000100010100110110000001011110000001111100001101000011
00011000011000010100001100000100110110100110000001111011110000010100100001110001011
00010111110000000100101100001000101010100110110000001011110000010111100001101001011
00111000010010001000101100001111010110100110110001111001110100100110100101110000011
00010111100100010000101100001000101010100110110100001011110000000111100001101000011
00010000011100000001011111001110101110100110010101011011100100110110000101110001011
00010111100100010100001100001000110110100110110100111011110000010111100001101001011
00000001110000000100100000000000101100100100110000011011110000011011100001100001000
00011000011100010000101100001000101110100110000100011010010000000111100101100000011
00000111110100000000100000001000100100100110110100011010110000001011100001101000000
01100001100000000000100100000000100100100000110000111011010000001111100001100000001
01100000010100000010100100000000100100100010000101111010010000001111100001100000001
01010101100000000000101100001000101110100010110000111010110000001111100001101000011
00010000011000000000101100000100101110100100110000011010110100100100100101110000011
00010111100100000000101100001000100000100110110100001011110000000111100001101000011
01000001100000010000100000001010110100100010111001111010110000001000100101100000000
00110001110100010000101100000000101010100110110100001011110000000111100001100000011
01010101100100010110101100011000111110100010100100111110110000011111100111101000011
01000000010100000000100000000000101100100000011101111011110000001011100001100000000
01110101100000000000101100001000101110100010110000111011010000001111100001101000011
00001000010000000001010011001010101100100110100001011010100000010000000101100001000
00110101100100010101011100001000110010100110010100011011010000010111100001101001011
00001000011000000100100000000000100100100100110000011010110000011011100001100001000
00111000000110010000001100100100101110100110010101011011100000001110000001110001011
00010101110000000000101100001000110110100110110000111011110000000111100001101000011
00000001100000000000100000000000101000100100110000001011110000001011100001100000000
00100000000110000000011111000011001100100100010101011001100100110110000001000001011
00010101100000010100001100001000010110100110110000111001110000010111100001101001011
00000001110000000100100000000000101000100100110000001011110000011011100001100001000
00011000000100000110101100000010011110100100100100111000110000011111100001100000011
01000101100000010000100000101000101100100010111000111011100000001011000001101000000
01100001110000000000100100000000111000100000010000111011010000001111100001100000001
11110101100100000000101100001000101110100010110101111000110100101110100001101000011
00010001100000000000101100100000101110100100110000011011100000000111000001100000011
00000001100000000000100000000000110000100110010000011011110000001011100001100000000
00000011100000000110000000001000101100100110110000011010110000011000100101101001000
00100001100100000100100100000000100000100100110100001011110000010111100001100001001
01010001100100000100101100000100100110100000110101111010010000011110100001110000011
00010001100000000000101100000000101110100110110000011010110000000111100001100000011
01000001100100000100100000001010000000100010111101001001110000011011100001000001000
01010001100000010000101100000000000110100010110000111001010000001111100001100000011
01000001110000000000100000000000101000100010111000001010110000001011100001100000000
01110111100110000100001100001100100110100010100100111011010000011111100001111001011
01010001100000000100101100000000101100100000110000111010110000011111100001100001011
00110011110110010000101100001000110010100110010100011110110000001110100001101000011
00110111100110010100101100001000111010100110000100011101110000010111100101001000011
00001000011100000000100000000000100100100100010100011001110000001011100001000000000
01100111100000000000100100001000100100100010110000111001010000001111100001101000001
01000000010000000001010001000010100100100010011000111010100000011010000101100001000
00100101100100010101010100001000111000100110010100011011010000010111100001101001001
10010001110100000100001100000110101010100100110101001000110100111111100001010001011
11010011100000010100101100001000100110100010110000111001110000011111100001101001011
01010111100000000000101100001000101110100010110000111010110000001111100101101000011
01000001100100000000100000000000101000100000111100001011110000001011100001100000000
00011000001100010011011100001110011110100110000101111000010000000110100011110001011
00010111110000010000101100001000101110100110110000011010110000000111100001101000011
00100001100100000110100100011000110000100110010100011110110000010111100011100000011
00001000011000000000100000000000100100100110010001011011110000001011100001100000000
00100101100110000000101100001000111000100110000101011110110000000110100011101000011
00011000011000000000101100000000100110100100010001011011110000000111100001100000011
00011000000100000000101100000110110110100100010101111011110100100110100011110000011
00010101100000010000101100001000101110100110110000011011110000000111100001101000011
11000001100000010001010001001010110100100010100011111011100000011000000101100001000
10110001110100010101011100000000111010100110010100011011010000010111100001100001011
10001000011000000100100000000000100100100110110000011010110000011011100001100001000
01010001100000000000101100101100110010100000010000111010000000001111000001110000011
01010001100000001000101100010000111000100010010000111010110000001111100001100000011
10011000000100000000011111001110101110100111010110011000100100111110000101010001011
10010101100100010000001100001000110100100110110100111001110000000111100001101001011
10000001110000000000100000000000101100100100110000011011110000001011100001100000000
00011000010000010000101100000100100110100110010001011010110100100110100101110000011
00010101110100000000101100001000100010100110110100001011110000000111100001101000011
00010000011100000000001100001100110110100110010100111011110100101110100101110001011
00010111100100000000101100001000101100100110110100011011110000000111100001101000011
01010001100000000000101100001100100110100010110001111010111111101111111101110000011
01010101100100000000101100001000101010100010110100001111110100101110100001101000011
01010111100100000011001100001000000110100010110100111100110100101111100001101001011
01000000000000000000100000100000101100100000011000111011100000001011000001100000000
01100101100000000000100100001000111000100010010000111011010000001111100001101000001
10110111100010000100001100001001101110100110110001011011110000011100100001101001011
10010001100000000100101100000000100010100100110000001011110000010111100001100001011
01110111100110000000101100001100101110100010100101111010010000001110100101111000011
00010001100100000000101100000000101110100100110100011010110000000111100001100000011
00001000010100000000100000001000101100100110010101011011010000000011100001100000000
00110101100000000000101100001000100110100110110000011010010000001111100001101000011
00010000010000000100001100000100110110100100000001111010110000010100100111110001011
00010101100100000100101100001000101010100110110100001011110000010111100001101001011

