01000001100100000100100000110000011100111010111100111000000000011011000101000101000
01000001100100000010100000110000011100111010111100111000000000001011000111000100010
01000001100100000010100010010000001100111010111101111000000000001011000101000100000
01010001100100000001011111100000001110111010110100111000000000011111000101000101011
01000001100100000100000000100000011100111010111100111000100000011011000101000101000


00110001100010000000101100000111001110110100110001011001111111100100111101010000011
00010101100100010000101100001000000010111110110100001101110100100110100101001100011
00001000011100000000100000000000000100111100010100011001110000000011100101000100000
00000111100100000000100000001000000100111110110100011001010000001011100101001100000
01000001100100000000100000000000000100111000111100111000010000001011100101000100000
01000001100100000000100000100000001100111010111100111000000000001011000101000100000
01000001100100000000100000100000011100111010111100111000000000001011000101000100000
01000001100100000000100000110000011100111010111100111000000000001011000101000100000
01000001100100000010100010110000001100111010111100111000000000001011000101000100000
01000001100100000001010011100000001100111010111100111000000000011011000101000101000
01000001100100000101010000100000011100111010111100111000000000011011000101000101000
01000001100100000100100000110000011100111010111100111000000000011011000101000101000
01000001100100000010100000110000011100111010111100111000000000001011000111000100010
01000001100100000010100010010000001100111010111101111000000000001011000101000100000
01010001100100000001011111100000001110111010110100111000000000011111000101000101011
01000001100100000100000000100000011100111010111100111000100000011011000101000101000
00011000000000000100001100001000000110111100010001011001110100111110100101000101011
00010101100100001100101100001000000010111110110100001001110000010111100101001101011
00001000001100000000100000000000000100111100110100011001110000001011100101000100000
01000111100100000000100000001000000100111010111100111001010000001011100101001100000
01000001100100000000100000000000001100111000111100111000010000001011100101000100000
00010111100000000000011101101100010110111110110001111001100100110110000101011101011
00010001100100000100001100010000011010111100010100011001110000010111100101000101011
00001000011100000100100000000000000100111110110100011001110000011011100101000101000
00011000011000000001011101001110001110110110000001011000000000010100000101010001011
00010111100100010100001100001000010010111110010100011000110000010111100101001101011
00001000011100000100100000100000000100111100110100011001100000011011000101000101000
01000111100100000000100000001000010100111010111100111001010000001011100101001100000
00000000010000000000100000101000001100111110110000011001100000000011000101000100000
00000111100100000000100000001000010000111110010100011001010000001011100101001100000
01001000011000000001010011000000000100110010000001111001000000011000000001000001000
00010111100000000101011100001000011010111110010000011000010000010111100101001101011
00001000011100000100100000100000000000111100110100001000100000011011000101000101000
00001000010100000000000011001000000100111100110101011001110000001011100101000101000
01010111100100001001011111001000000110111010110100111001000000011111000101001101011
01000001100100000100000000000000011100111000111100111000110000011011100101000101000
01000001100100000100100000100000001100111010111100111001000000011011000101000101000
01000001100100000000100000000000011100111010111100111000010000001011100101000100000
11000001100100001000100000001000001100111010111101111100110000001010100101000100000
00010000000100000000101100100000001110111110010100011001000000000111000101000100011
00000101100100000000100000001000010100111110110100111000110000001011100101001100000
01000001100100000000100000100000001100111000111100111001000000001011000101000100000
10000111100100010100100000001000001000111110100100001101110000011010100101001100000
00001000011100000000100000000000000100111100010100011001010000000011100101000100000
00000111100100000000100000001000000100111110110100011000010000001011100101001100000
00010101100100010000001111001100001010111110110101001001110000001110100101011101011
00011000011100000000001111000000000110111100110100011001110000000111100101000101011
00000111100100000000000011001000000100111110110100011001110000001011100101001101000
01000001100100000001010011000000000100111000111100111001000000011011000101000101000
01000001100100000101010000000000011100111010111100111000010000011011100101000101000
01000001100100000100100000100000001100111010111100111000000000011011000101000101000
00010001100100000000001111000100000110111110100101011101110000000110100101010101011
00010000001100000000001111000000000110111110010100011001110000000111100101000101011
00010111100000001001011101001100001110110110100001011000100000011100000101011001011
00010001100100000100001100000000010010111100010100011001110000010111100101000101011
01011000000100000110001100100100011110110000010101111000100100111110000001010001011
00010101100000000100101100111000011110111110110000111001100000010111000101001101011
00000001100100000000100000010000011000111100010100011001110000001011100101000100000
01000001100100000010100010000000000100111010111100111000010000001011100101000100000
11010111100100010100001100001100001010110010100101001001110000011110100001011001011
10011000010000000100101100000000000110111100110000011001110000010111100101000101011
00000111100100000000100000001000000000111110110100001001110000001011100101001100000
01000001100100000000100000000000000100111000111100111001010000001011100101000100000
01000001100100000000100000000000001100111010111100111000010000001011100101000100000
00110101100110010000101100001101001110111110110101011100110100100110100101011100011
00010000011100000000101100000000000110111100010100011001110000000111100101000100011
00000111100100000000100000001000000100111110110100011001110000001011100101001100000
00010001100100000011011100001100000010111110110101001100110100100111100101010101011
00011000001100000000101100000000000110111110010100011001110000001111100101000100011
01000111100100000000100000001000000100111010111100111001110000001011100101001100000
01000001100100000000100000000000001100111000111100111001010000001011100101000100000
00010101100100000000001111001100000010110110110101001000110100100110100101011001011
00011000001100000000001111000000000110111100110100011001110000000111100101000101011
10000111100100000011010000001000011100111110110101111000110000001010100101001101000
10010001100100000000101100100000001110111100110100011001000000000111000101000100011
00000001100100000000100000000000010100111110110100111000110000001011100101000100000
01000001100100000000100000100000001100111010111100111001000000001011000101000100000
00001000000100000001010000001000001100110110010101011000110100101010100101000001000
00010101100100000000101100001000000110111110110100011001110000000111100101001100011
00000001100100000000100000000000000100111100110100011001110000001011100101000100000
01000001100100000000100000000000000100111010111100111001010000001011100101000100000
00010111100000000011001100001000001110111110110001011001110000001110100101001101011
00010001100100000000101100000000000010111100110100001001110000000111100101000100011
00001000001100000000100000000000000100111110110100011001110000001011100101000100000
00010111100100010000001111001000000110111110100100011000110000000110100101001101011
00000001110100000000000011000000000100111100110100011001110000000011100101000101000
00000011100100000001010011001000000100111110110100011001000000011011000101001101000
01000001100100000101010000000000010100111000111100111000010000011011100101000101000
00010001100100010000001111000000000110111110110100011100110000001110100101000101011
00000000011100000000000011000000000100111110010100011001110000000011100101000101000
00000111100100000001010011001000000100111110110100011001000000011011000101001101000
00110000000110000000001111001001000110110110110101011000110000000111100101000001011
00010101100100000000001111001000000110111110110100011001110000001111100101001101011
01000001100100000000000011000000000100111000111100111001110000001011100101000101000
01000001100100000001010011000000001100111010111100111001000000011011000101000101000
10010101100000001010101110001000001010111110110000001100110000001111100101001100011
01000000001100000000000011000000000000111000011100001001110000001011100101000101000
01000111100100000001010011001000000100111010111100111001000000011011000101001101000
01000001100100000101010000000000011100111000111100111000010000011011100101000101000
00000001100100000000000000000000001000111110110101001000110000001010100101000101000
00011000001100000000101100000000000110111110110100011001010000000111100101000100011
00000111100100000000100000001000000100111110110100011000110000001011100101001100000
00000000000100000000000011110000001100111110000100011000000000000011000101000101000
00000101100100000011010011101000000100111110110100011000000000011011000101001101000
01000001100100000101010000100000010100111000111100111000000000011011000101000101000
10010001100100010000101100010100011010111110000100011100110000001110100101010100011
00011000011100000000101100100000000100111110010100011001100000000111000101000100011
00000111100100000000100000001000010100111110110100111001110000001011100101001100000
00000111100100000000000011011000001100111110110101011000100000001010000101001101000
00010001100100000011011111000000000110111100110100011000000000010111000101000101011
00000001100100000100000000000000010100111110110100111000110000011011100101000101000
00010111100100010000011111001100001010110110110101001101100100110110000101011001011
00011000011100000100001100000000000110111100010100011001110000010111100101000101011
00000111100100000100100000001000000100111110110100011001110000011011100101001101000
00000000010100000000000000000000000100110110010101011001110000000010100101000001000
00010111100100000000101100001000000110111110110100011001010000000111100101001100011
00000001100100000000100000000000000100111100110100011000110000001011100101000100000
00010000000100001000101100000110001110110110010101011000110100100111100001010000011
00010101100000010000101100001000000110111110110000011001110000001111100101001100011
01000001110100000000100000000000000000111000111100001001110000001011100101000100000
01000011100100000000100000001000000100111010111100111001010000001011100101001100000
00010001100100000000101100001110001110110110110101011000110100100110100101010000011
00010001100100010000101100000000000110111110110100011001110000000111100101000100011
00000001110100000000100000000000000100111110110100011001110000001011100101000100000
10001000011100000000000000000010000100110110010101011000010000001010100101000001000
10010111100100010000101100001000000110111110110100011000010000000111100101001100011
00000001110100000000100000000000000100111100110100011000110000001011100101000100000
00000001100000000001010001000010000100110100100000011001100000011000000001000001000
00000001100000010101010000000000010000111110010000011001010000010011100101000101000
00001000011100000100100000000000000000111110110100001000110000011011100101000101000
01000101100000001000100000001000000100111010111001111000110000001010100101001100000
00010001100100000000101100100000001010111100110100001001100000000111000101000100011
01010000001000000000101100001000000000111010010001001000110000001111100101000100011
01010111100100000000101100001000000010111010110100001001110000001111100101001100011
01000001100100000000100000000000000100111000111100111001110000001011100101000100000
01000001100100000000100000000000001100111010111100111001010000001011100101000100000
00000111100100010000000000101000010000110110010101001100100100101010000001001001000
00011000011000000000101100110000010110111100010000111000100000000111000101000100011
00000111100100000000100000111000011000111110010100011001100000001011000101001100000
01000001100100000010100010010000000100111000111100111000000000001011000101000100000
10000001100100000110100000100010000100111110110100011000100000010010000101000100000
00000001100100010000100000100000010100111110110100111001000000000011000101000100000
00000001110100000000100000010000011100111110110100111000010000001011100101000100000
01000011100100000010100010101000001100111010111100111000000000001011000101001100000
01000001100100000001010011100000001100111000111100111000000000011011000101000101000
00010001100000000000101100000110001110111110110001011001010000000110100101010100011
00010001100100010000101100000000000010111110110100001000110000000111100101000100011
00001000011100000000100000000000000100111110110100011001110000001011100101000100000
00000111100000010000000000001000001100111110110001011001110100101011100101001101000
01010001110100000000101100000000000010111000110100001001110000001111100101000100011
01000011100100000000100000001000000100111010111100111001110000001011100101001100000
01010001100000010000001100101100011110111010110001111101100100101111000101010101011
01010000010100000000101100110000011010111010010100111001100000001111000101000100011
01000111100100000000100000111000011100111010111100111001100000001011000101001100000
01000001100100000010100010110000001100111000111100111000000000001011000101000100000
00000000011100000000100000010000010100110100010101111000110000000010100111000000010
00010111100100000010101110001000001110111110110101011000010000000111100101001100011
00010001100100000000001111000000000110111100110100011000110000001111100101000101011
01000001100100000000000011000000000100111010111100111001110000001011100101000101000
00000000010100000000000011001010001100111110010101011001110000000011100101000101000
00010111100100010001011111001000000110111110110100011001000000011111000101001101011
01000001110100000100000000000000010100111000111100111000110000011011100101000101000
01000011100100000100100000101000001100111010111100111001000000011011000101001101000
01000001100100000000100000000000011100111000111100111000010000001011100101000100000
00010000000000000000101100100010001110110100010000011000000000000100000001000000011
00000101100000010000100000101000010000111110010000011000100000000011000101001100000
00001000011100000000100000110000010000111100010100011000000000001011000101000100000
01000111100100000010100010111000000100111010111100111000000000001011000101001100000
01110111100010010000101100001001000000111010110001001001110000001111100101001100011
00010001110100000010101100001100000110110110110101011001110000000110100001010000011
00010011100000000000101100001000000110111110110000011001110000000111100101001100011
00000001100100000000100000000000000000111100110100001001110000001011100101000100000
00000101100100010000000000001000000000110110100101001100110000000011100101001001000
00011000011100000000101100000000000110111100010100011001010000001111100101000100011
01000111100100000000100000001000000100111010111100111000110000001011100101001100000
00010111100000000010101100011100010010111110010001001101110100100111100111011100011
00011000011100000000101100000000000010111100010100001001110000001111100101000100011
00001000010100000000000000000000011100110110000101111001110000001010100111000001010
00010111100100000000101100001000001110111110110101011001010000000111100101001100011
00010001100100000000101100000000000110111100110100011000110000001111100101000100011
01000001100100000000100000000000000100111010111100111001110000001011100101000100000
00000000011000000010000011010000000100111100010001011000100000000010000101000101000
00010111100100000011011111001000000010111110110100001000100000010111000101001101011
00001000001100000100000000000000000100111100110100011001110000011011100101000101000
01000111100100000100100000001000000100111010111100111001010000011011100101001101000
00011000010000000000101100000110011010111100010001011000110100101111100111010100011
01010111100100010000101100001000000010111010110100001001110000001111100101001100011
01000001110100000000100000000000000100111000111100111001110000001011100101000100000
01000011100100000000100000001000001100111010111100111001010000001011100101001100000
00010101100000000000101100001100001010111110110000001001110100100111100101011100011
00011000001100000000101100000000000000111100110100001001110000001111100101000100011
00000111100100000011010000001000001100110110110101011101110000001010100001001001000
00010000001000000000101100000000000110111100010000011001010000000111100101000100011
00000111100100000000100000001000000000111110110100001000110000001011100101001100000
00010111100100010000101100001000001000110110110101001000110000000111100101001000011
00011000011100000000101100000000000110111100110100011001110000001111100101000100011
00011000011000000010001111000010000000111110010000001000110000001111100101000101011
01000111100100010000000011001000000000111010111100001001110000001011100101001101000
01000001110100000001010011000000000100111000111100111001000000011011000101000101000
01000011100100000101010000001000011100111010111100111000010000011011100101001101000
01000001100100000100100000100000001100111000111100111000000000011011000101000101000
00000111100000010000100000001000010100111110110000111101110000000011100101001100000
00000000011100000000100000000000001000111100010100001001110000001011100101000100000
10000001100100000100100000001000000100110110110101011100110000010010100101000001000
00010000001100000000101100000000000110111110010100011001010000000111100101000100011
00011000010000000000001100101110010110111110010000111000101111100111011101010101011
00010111100100010000101100111000011000111110010100011101100100101110000101001100011
00001000011100000000100000010000010100111100010100111001110000000011100101000100000
00000111100100000010100010001000001100111110110100011000010000001011100101001100000
01000001100100000001010011000000000100111000111100111000000000011011000101000101000
00010101100000010100001100101100000010111110100000001101100000010111000101011101011
00011000011100000100101100000000000000111100010100001001110000011111100101000101011
01000000000000000000100000001000010100110000000001111000110000001000100011000000010
00010101100000001000101100001000001010111110110001001001110000000111100101001100011
00011000001100000000101100000000000010111100110100001001110000001111100101000100011
00000111100100010000100000011000011000110110000101011000010000000010100011001000010
00011000011000000010101110000000000110111100110001011000010000000111100101000100011
00010111100100000000001111001000000010111110110100001000110000001111100101001101011
00010001110000000010101110001000000110111110110000011000110000000111100101000100011
00000011100100000000000011001000000000111110110100001001110000001011100101001101000
00010111100100001010101100001000001100111110100100011100110000001110100101001100011
00000000001100000000100000000000000100111100010100011001110000000011100101000100000
00000000010100000000100000000010001100110110000101011001110000000010100101000000000
00010111100100010000101100001000000110111110110100011001010000000111100101001100011
00011000010100000000101100000110000110111100100101011000110000001110100101010100011
00010111100100010000101100001000000110111110110100011001110000000111100101001100011
00000001110100000000100000000000000100111100110100011001110000001011100101000100000
01110111100110010000001111001101000010111010110101001101110100101110100101011101011
00011000010100000000001111000000000110111100010100011001110000000111100101000101011
00010111100000010000101100001100000010111110110001001101110000001111100101011100011
01010000011100000000101100000000000010111000010100001001110000001111100101000100011
00011000011000000000101100000010000110110100100000011001010000000100100001000000011
00000111100000010000100000001000000000111110110000001000110000000011100101001100000
00001000011100000000100000000000000000111100110100001001110000001011100101000100000
00010111100100000100101100001100000010110110110100001101110000010111100101011001011
00011000001100000000101100000000000100111100010100011001110000001111100101000100011
00010111100000000010001111001100000110111110110001011000110100101110100101011101011
00010001100100000000001111000000000010111100110100001001110000000111100101000101011
00001000001100000000000011000000000100111110110100011001110000001011100101000101000
00000011100100000011010011011000001000111110110101001000100000010011000101001101000
00011000001100000111011100000000000110111100110100011001010000011111100101000101011
01000111100100000100100000001000000100111010111100111000110000011011100101001101000
01000111100000010010100000111000011100111010111000111000100000001011000111001100010
01000001110100000010100010010000001000111000111101001000100000001011000101000100000
01010011100100000001011111001000000110111010110100111001000000011111000101001101011
00010001100000000000001111000100000010111100110001001000110000000111100101010101011
00011000001100000000001111000000000010111110110100001001110000001111100101000101011
01000111100100000000000011001000000100111010111100111001110000001011100101001101000
01000001100100000001010011000000001100111000111100111001000000011011000101000101000
10010001100000000000101100001100001010111100110001001000110000000111100101010100011
00011000001100001000101100000000000010111110110100001001110000001111100101000100011
01000001100100000000100000001000000100111000100101111100110000001011100101000100000
01010000000100001000101100100000001110111010010100111001000000001111000101000100011
01000101100100000000100000001000011100111010111100111000110000001011100101001100000
00111000000010000100001100000101000110111110110001011001110100111110100101010101011
00010101100100000100101100001000000010111110110100001001110000010111100101001101011
01000001100100001000000011001000000000111010111100001100110100101010100101000101000
00001000000100000001010011000000000100111110010100011001100000010011000101000101000
00000101100100000101010000001000010100111110110100111001010000011011100101001101000
01000001100100000100100000000000001100111000111100111000010000011011100101000101000
01010111100100000000001100001100001010110010110101001001110000001110100001011001011
00011000000000000000101100000000000110111100110000011001110000000111100101000100011
00000101100100000000100000001000000000111110110100001001110000001011100101001100000
00011000010100000000101100000000001110111110010100011001110000001110100101000100011
00000111100100000000100000001000000100111110110100011001110000000011100101001100000
00000001100100000000100000000000000100111100110100011001010000001011100101000100000
01000001100100000000100000000000000100111010111100111000010000001011100101000100000
01010001100100010001011101001100010110111010100101111100100000011110000101010101011
00010000010100000100001100110000011110111110010100111001100000010111000101000101011
00000111100100000100100000011000011100111110110100111001110000011011100101001101000
01000001100100000010100000000000001100111000111100111001010000001011100101000100000
00000111100000001000000000001000000000111110100001001000110000000011100101001101000
00001000010000000000100000011010010100110110110001111001110000000000100011000000010
00010111100000010010101110001000001010111110110001001000110000000111100101001100011
00011000011100000000001111000000000010111100110100001001110000001111100101000101011
00011000010100000000101100000100000110110100100101011000110000001110100001010000011
00010111100000000000101100001000000110111110110000011001110000000111100101001100011
00010111100000001000001111001100000110111110110001011000110100100111100101011101011
00010001100100000000001111000000000010111100110100001001110000001111100101000101011
10010101100100010000001100001100000110111110110101011101110100100111100101011101011
10010000011100000000101100000000000110111100010100011001110000001111100101000100011
00010001110000000011001111001100001110110110100001011000110000001100100101010001011
00010011100100000000001111001000000010111110110100001001110000000111100101001101011
00001000001100000000000011000000000100111100110100011001110000001011100101000101000
00110101100110010000011111001101000010110110110101001100100100110110000001011001011
00011000011000000100001100000000000110111100010000011001110000010111100101000101011
00000111100100000100100000001000000000111110110100001001110000011011100101001101000
00011000011000000000101100001100000110110110110001011000110100100100100101010000011
00010111100100000000101100001000000010111110110100001001110000000111100101001100011
00000111100100001000000011001000000100110110110101011100110100100011100001001001000
00010000001000000001011111000000000110111100010000011001100000011111000101000101011
01000111100100000100000000001000010000111010011100111001110000011011100101001101000
01000001100100000100100000000000001100111000111100111001010000011011100101000101000
00010001100000000000101100001100001010111110100001001000110000000111100101010100011
00011000001100000000101100000000000010111110110100001001110000001111100101000100011
00011000011100000000101100000100001110111110010101011000110100100111100101010100011
00010111100100000000101100001000000110111110110100011001110000001111100101001100011
10000000000000000000000000001000011100110100110001111001110000001000100001000001000
10010101100000001000101100001000001010111110110000001001110000000111100101001100011
00001000001100000000100000000000000000111100110100001001110000001011100101000100000
00010101100100000000001100001000010010111110010100011001110100100110100101001101011
00001000011100000000100000000000000100111100110100011001110000000011100101000100000
00001000000100000000000000000010000100111100110101011000110000000011100101000101000
00010101100100010000101100001000000110111110110100011001010000001111100101001100011
01000001110100000000100000000000000100111000111100111000110000001011100101000100000
01000011100100000000100000101000001100111010111100111001000000001011000101001100000
00010111100000010001011101001100000010111110110001001101100100110111000101011101011
00011000011100000100001100000000000010111100010100001001110000011111100101000101011
01000111100100000100100000001000000100111010111100111001110000011011100101001101000
00010111100100010100101100001100000010111110100101001100110000011110100101011100011
00011000011100000000101100000000000110111100010100011001110000000111100101000100011
00011000010000000000001100000110001010111110010001001001110100101111100101010101011
01011000000100000011011101001110010110110010110100111000100000011110000101010001011
00010101100100010100001100111000011100111110110100111001100000010111000101001101011
00000001110100000100100000010000011100111100110100111001110000011011100101000101000
01000011100100000010100000001000001100111010111100111001010000001011100101001100000
00000001100100000000000011000000000000111110110101001101110100100010100101000101000
00011000001100000001011111000000000110111110010100011001100000010111000101000101011
00000111100100000100000000001000010100111110110100111001110000011011100101001101000
00000101100100010000100000001000001000110110110101001100110100100010100101001000000
00111000000110001000101100000011001100110110110101011000110000000110100001000000011
00010101100000010000101100001000000110111110110000011001110000000111100101001100011
00000001110100000000100000000000000000111100110100001001110000001011100101000100000
00001000010100001000000000001000001100111110100101011001010000000010100101000101000
00010111100100000000101100001000000110111110110100011000010000000111100101001100011
01010000000100000010101100101100010110110000000101111000000000001111000001010000011
01010101100000001000101100111000011110111010110000111000100000001111000101001100011
01000001100100000000100000110000011000111000011100111001100000001011000101000100000
00010111100100000000101100001000010010111110010100011001110000001110100111001100011
00001000011100000000100000000000000100111100110101011001110000000011100101000100000
00010111100100000000101100001000000110111110110100011001010000001111100101001100011
01000001100100000000100000000000000100111000111100111000110000001011100101000100000
00010101100100010010001111001100000010111110110101001000110100100111100101011101011
00011000011100000000001111000000000110111100110100011001110000001111100101000101011
00010101100100010000101100001100000010111110110101001100110100100110100101011100011
00011000000000000000001111000110000110111110100001011001110000000110100101010101011
00010101100100010000001111001000000010111110110100001001110000000111100101001101011
00001000011100000000000011000000000100111100110100011001110000001011100101000101000
01010011100100010000001111001100001010110010110101001000110000001110100001011001011
00011000010000000000001111000000000110111100110000011001110000000111100101000101011
00000111100100000000000011001000000000111110110100001001110000001011100101001101000
01010001100000000000011111000100000110111010110001111000100000011110000101010101011
00010001100100000100001100100000011010111110010100011001100000010111000101000101011
00001000011100000100100000010000010100111110110100111001110000011011100101000101000
01000111100100000010100000001000001100111010111100111001010000001011100101001100000
00011000000000000000001111101100000010111100010001001000100000001111000101010101011
01010101100100001000001111001000000010111010110100001001110000001111100101001101011
00000000010100000010000011000000001100110100000101011000010000000011100001000001000
00010111100000000001011111001000000110111110110000011000000000011111000101001101011
01000001100100000100000000000000010000111000011100111000110000011011100101000101000
01000101100000000000100000001000000100111010111001111000110000001010100101001100000
00001000011000000000000000000000000100111100110001011000010000000011100101000101000
00010111100100000000101100001000000010111110110100001000110000001111100101001100011
00001000000100000000100000001000001100111100100101011000010000000010100101000100000
00010101100100001000101100001000000110111110110100011000010000000111100101001100011
00000001100000000101010000000010001100110110100000011000010000010000100101000001000
00000001100100010100100000000000000000111110110100001000110000010011100101000101000
00001000011100000000100000000000000100111110110100011001010000001011100101000100000
01000111100100000000100000001000000100111010111100111000010000001011100101001100000
01000001100100000000100000100000001100111000111100111000000000001011000101000100000
01010001100100000000001100000100000010111000100101001100110000001110100101010101011
00011000000100000000101100000000000110111110010100011001110000000111100101000100011
00000101100100000000100000001000000100111110110100011001110000001011100101001100000
00010111100000000000101100001100001110111110110001011000110100100111100101011100011
00010001100100000000101100000000000010111100110100001001110000001111100101000100011
10000000001100000100100000001000001100111110000100011000010000011010100101000100000
00000111100100000000100000001000000100111110110100011000010000000011100101001100000
00000001100100000000100000000000000100111100110100011000010000001011100101000100000
00001000010000000000100000000000010100111110010001111000110000000011100101000100000
00010111100100000000101100101000001010111110110100001001100000001111000101001100011
00010111100100010000101100001100000110110110110101011000110100100110100001011000011
00010001110000000000101100000000000110111100110000011001110000000111100101000100011
00000011100100000000100000001000000000111110110100001001110000001011100101001100000
00001000010100000010000000001000011100111110010101111001110000001010100111000101010
00000000011000000000000000010010010100110100010000111000110100101000100001000001000
00000111100000010010100000101000001000111110110000001001100000000011000101001100000
01010101100100010000001100001100001010111010100101001000110000001110100101011101011
00011000010100000000101100000000000110111100110100011001110000000111100101000100011
00010111100000001010101110001100000110111110100001011000010000000111100101011100011
00010001100100000000001111000000000010111100110100001000110000001111100101000101011
10010101100100000000101100001100000010110110110100001000110100100110100101011000011
00011000001100000000101100000000000100111100110100011001110000000111100101000100011
00010001100100000000101100000100001010111100100101001101110000000110100101010100011
00011000001100000000101100000000000110111110010100011001110000000111100101000100011
00000101100100010010000011001000000100111110110101011100110100101011100101001101000
01010000011100000001011111000000000110111000010100111001100000011111000101000101011
01000111100100000100000000001000011100111010111100111001110000011011100101001101000
00010000010100000011011100000010001110110100010100011000010000000110100001000001011
00000111100000010000100000001000000100111110110000011000110000000011100101001100000
00001000010000000000000011000000001100110110100001011001110000000000100001000001000
00010111100000000001011111001000000010111110110000001001100000010111000101001101011
00001000001100000100000000000000000000111100110100001001110000011011100101000101000
00110001100010010000001100000001001010111110110001001000110000000111100101000101011
00011000011100000000101100000000000010111110110100001001110000001111100101000100011
00000001100100001000100000000000001000111110110101001000110000000011100101000100000
00011000001100000000101100000000000110111110110100011001010000001111100101000100011
01010111100100010000101100101100000110111010110101111100100100101111000101011100011
01010000010100000000101100100000011110111000010100111001100000001111000101000100011
00010111100000001000101100001100001110110110100001011000110000001100100101011000011
00101000010010000000001100100001011100110110110001111001100000001100000101000001011
00010111100100000000101100011000011010111110010100011001110000000111100101001100011
00001000011100000000100000000000000100111100110100011001110000001011100101000100000
00010000000000000010011101001110000110110110010001011001100000010100000001010001011
00010101100000010100001100001000010010111110010000011001110000010111100101001101011
00001000011100000100100000000000000000111100110100001001110000011011100101000101000
00011000010100000000101100000010001110111110110100011000010000000110100101000100011
00000111100100010000100000001000000100111110110100011000110000000011100101001100000
00000001110100000000100000000000000100111100110100011001010000001011100101000100000
01000011100100000000100000001000000100111010111100111000010000001011100101001100000
10001000000000000010100000001000001100110100110001011000110100101000100101000000000
00010101100100001000101100001000000010111110110100001001110000000111100101001100011
00010000010000000100101100000100001110110110010000011000110100110100100101010001011
00010111100100000000101100001000000000111110110100001001110000000111100101001100011
01010101100100000000001100101100010110110010110101111000100100101111000101011001011
01010001100100000000101100110000011110111000110100111001100000001111000101000100011
01000001100100000000100000110000011100111010111100111001100000001011000101000100000
00110000000110000000001111011111000110110110010101011001100100100110000101010001011
00010101100100010000001111001000000110111110110100011001110000000111100101001101011
00000001110100000000000011000000000100111100110100011001110000001011100101000101000
01000011100100000001010011001000000100111010111100111001000000011011000101001101000
00010000001100000000001100001010000110110110010101011000010000000110100101000001011
00010111100100010000101100001000000110111110110100011000110000000111100101001100011
10110000001110000000101100000101001110110100110101011001110100100111100001010000011
00010111100000000000101100001000000110111110110000011001110000001111100101001100011
01000001100100000000100000000000000000111000111100001001110000001011100101000100000
01000001110100000000100000000010011000110010011100111000010000001011100101000000000
01000011100100010000100000101000001100111010111100111000000000001011000101001100000
01000001110100000000100000100000011100111000111100111000000000001011000101000100000
01000011100100000000100000111000011100111010111100111000000000001011000101001100000
01011000001000000011011101100110011110110010010001111001100000011100000101010001011
00010111100100010100001100111000011010111110010100011001100000010111000101001101011
00001000011100000100100000010000010100111100110100111001110000011011100101000101000
00001000010000000110100000011000010100110110100001111000010000010000100011000000010
00010111100000000010101100001000001010111110110001001000110000000111100101001100011
01001000010000000110000000000000001100110000100001111001010000011000100101000001000
00010111100100000100101100001000001010111110110100001000110000010111100101001101011
00011000001000000000001100000000001110111110110000011000010000001111100101000101011
01000111100100000000100000001000000000111010111100001000110000001011100101001100000
00010101100000000000001100001100001110110110110001011001110100100100100001011001011
00010001100000000000101100000000000010111100110000001001110000000111100101000100011
00001000001100000000100000000000000000111110110100001001110000001011100101000100000
00000001100100000000100000000000001100110100100100011101110000001011100101000000000
01000000001100000000100000000000000100111010011100111001010000001011100101000100000
01000111100100000000100000001000001100111010111100111000010000001011100101001100000
01000000000100001000000011001000001000111010000101001000110000001011100101000101000
01010101100100000001011111001000000110111010110100111001000000011111000101001101011
00010001100100010000001111000100000110111110110101011000110100101110100101010101011
00010001110100000000001111000000000110111110110100011001110000000111100101000101011
00000011100100000000000011001000000100111110110100011001110000001011100101001101000
00000101100100010101010000001000011100110110110101111100110100110010100011001001010
00010000011000000100101100000000001110111100010001011001110000010111100101000101011
00010111100100000000101100001000000010111110110100001001110000001111100101001100011
10010101100000010111011100001100001010111110110001001000110000010111100101011101011
10011000011100000100101100000000000010111100110100001001110000011111100101000101011
00011000010000000000101100000110000110111110000001011000010000000110100101010100011
00010111100100010000101100001000000010111110110100001000110000000111100101001100011
00111000000110000000001111001111000110111110110101011000110100100110100101010101011
00011000010100000100001100001000000110110100010100011001110000010111100001000001011
00000111100000001100100000001000000100111110110000011001110000011011100101001101000
00010111100100000100101100101100000010111110110100001100100000010111000101011100011
01010101100000010000101100001100000010111010110001001100110100101111100101011100011
01010000010100000000101100000000000010111000010100001001110000001111100101000100011
00010111100100000000001100001100000010111110110101001000110000000111100101011101011
00011000001100000000101100000000000110111100110100011001110000001111100101000100011
00011000000100001000001111001010001100110110010100011001110000000111100101000001011
00000101100100010000000011001000000100111110110100011001110000001011100101001101000
00000111100000001110000000001000001100111110110000011001110100111011100101001101000
01000001100100000100100000000000000000111000111100001001110000011011100101000101000
00100000011110000000001111000011000100110110010101011001110100100111100101000001011
00010111100100010000001111001000000110111110110100011001110000001111100101001101011
01000001110100000000000011000000000100111000111100111001110000001011100101000101000
01000011100100000001010011001000001100111010111100111001000000011011000101001101000
00010001110000000010001111001110000110111110110001011000111111100110111101010101011
00010111100100010000001111001000000010111110110100001101110100100110100101001101011
00001000011100000000000011000000000100111100010100011001110000000011100101000101000
01010111100100010001011111001000000110111010100100111001000000011111000101001101011
01000001110100000100000000000000011100111000111100111000110000011011100101000101000
00010111100100010000101100001100000010110110110101001000110100100111100101011000011
00101000011110000000101100000011001100111100010101011000110100100110100101000100011
00011000011000000000001100001110001110110110110000011001010000000100100001010001011
00010111100000010000101100001000000000111110110000001000110000000111100101001100011
01010001100000010000001100001000001000111010100000001100110000001111100101000101011
01000000010100000000100000000000000000111010011100001001110000001011100101000100000
00000111100000000000000011001000000100111110110001011000110000000010100101001101000
00010001100100000001011111000000000010111100110100001001100000010111000101000101011
00001000001100000100000000000000000100111110110100011001110000011011100101000101000
00010101100000001100101100001000001010111110110001001000110100110111100101001101011
00000111100100000000100000001000001100110110110101011101110100100010100101001000000
00010000001100000000101100000000000110111100010100011001110000000111100101000100011
10010111100100010100001100001100000110110110100101011000010000010110100101011001011
10010001110100000100101100000000000110111100110100011000110000010111100101000101011
00000011100100000000100000001000000100111110110100011001110000001011100101001100000
00011000010000000100001100000010001110110100110000011001110100111100100001000001011
00000111100000010100100000001000000000111110110000001001110000010011100101001101000
01010000011000000000101100100000000100111000010000111001100000001110000101000100011
00000111100100000000100000001000011000111110010100011001110000000011100101001100000
00001000011100000000100000000000000100111100110100011001010000001011100101000100000
00000001110000000000100000100010001100110110110001011001100100100000000101000000000
00010011100100010000101100001000010010111110010100011001110000000111100101001100011
00010101100000001000101100001100000110111110110001011101110000001111100101011100011
01010000001100000000101100000000000010111000010100001001110000001111100101000100011
00010101100100000000101100001100001110110110110101011001110000001110100001011000011
00010001100000000000101100000000000110111100110000011001110000000111100101000100011
00000001100100000000100000000000000000111110110100001001110000001011100101000100000
00111000010110000000001111001101001110111110010101011000110100101110100101010101011
00010111100100000000001111001000000110111110110100011001110000000111100101001101011
00000001100100000000000011000000000100111100110100011001110000001011100101000101000
01000001100100000001010011000000000100111010111100111001000000011011000101000101000
01010000000000000100101100101000000110111000010000111000100000011111000101000101011
01000101100100001000100000101000011000111010011100111001100000001011000101001100000
01000001100100000000100000110000011100111000111100111000000000001011000101000100000
00000101100100000100000000001000000000110110110101001100110000011010100101001001000
00011000001100000100101100000000000110111100010100011001010000010111100101000101011
00010111100100000000001100001100000110111110110100011001110100101110100101011101011
00010001100100000000101100000000000100111100110100011001110000000111100101000100011
00000001100100000000100000000000000100111110110100011001110000001011100101000100000
00110101100110000000001111001001000000111110110101001100110000000111100101001101011
00011000001100000000001111000000000110111100010100011001110000001111100101000101011
00000000000000000000100000000010001100110100110001011000110100100000100001000000000
00010101100000010000101100001000000010111110110000001001110000000111100101001100011
00011000000100000000001100000100001110110100110101011001110000000110100101010001011
00010001100100000001001111001100000010110110110101001101110100101110100001010001011
00011000001000000000001111000000000110111110010000011001110000000111100101000101011
10010111100100010011011111001100001010110110110111001100100000010111000101011001011
10011000011100000100001100000000000110111100010100011001110000011111100101000101011
11000111100100000100100000001000000100111010111100111001110000011011100101001101000
00110111100110010000001100001101000110111110110101011001110100101110100101011101011
00010001110100000000101100000000000110111100110100011001110000000111100101000100011
00010101100000000000001111001000000110111110110001011100110100101111100101001101011
01010000001100000000001111000000000010111000010100001001110000001111100101000101011
00001000010000000000100000000010010100110110010001111001110000000000100111000000010
00010111100100010000101100001000001010111110110101001001110000000111100101001100011
00000000010000000010100000000010000100110100010000011000110000000000100001000000000
00000111100000010000100000001000000000111110110000001001110000000011100101001100000
00100000010010000000001111010001001100110100010001011000100000001100000101000001011
00010111100100000000001111001000000010111110110100001001110000000111100101001101011
11011000000000000000101100101100011110111010110001111001100100101111000101010100011
01010101100100000000101100111000011010111010010100111001100000001111000101001100011
01000001100100000000100000110000011100111000111100111001100000001011000101000100000
00110000010010000000001100001101000110111110110001011000110100100111100101010101011
01000000000100000000000000001010001100111010111101111001010000001010100101000101000
00010101100100010000101100001000001110111110110100011000010000000111100101001100011
00000001100100000001010001000000001000111100110101001000100000010010000101000101000
00011000001100000101011100000000000110111110110100011001010000010111100101000101011
00000111100100000100100000001000000100111110110100011000110000011011100101001101000
00011000000100000000101100000110001110111110010101011001111111100110111101010100011
00010111100100010000101100001000000110111110110100011101110100100110100101001100011
00000000011100000000100000000000000100111100010100011001110000000011100101000100000
00010000001000000010101110010100000110110100010001011000000000000100000001010000011
00010111100000000000001111001000000010111110110000001000110000000111100101001101011
00001000001100000000000011000000000000111100110100001001110000001011100101000101000
10011000011000000000101100000100000110110110010001011000110000000100100001010000011
00010111100000000000101100001000000010111110110000001001110000000111100101001100011
00010001100000000000101100000100001110111110110001011000111111100111111101010100011
00010101100100000000101100001000000010111110110100001101110100101110100101001100011
00001000001100000000100000000000000100111100010100011001110000000011100101000100000
01000101100100000011010000001000000100111010111100111101110100101011100101001101000
01000000000100000000100000000000001100111000011100111001110000001011100101000100000
01000101100100000000100000001000001100111010111100111001010000001011100101001100000
00010111100100010010101100001100001110110110100101011001010000000110100001011000011
00010001110000000000101100000000000110111100110000011000110000000111100101000100011
00010101100000010000001111001100001010111110110001001001110100100111100101011101011
00010111100000000000001111001100000010111110100000001100110000000111100101011101011
00011000001100000000001111000000000000111100010100001001110000001111100101000101011
00010001100000000011011100000000000010111110100000001001110000001111100101000101011
01001000001100000000100000000000000000111010111100001001110000001011100101000100000
00010101100100010100101100001100000110111110100101011000010000010110100101011101011
00010001110100000000101100000000000110111100110100011000110000000111100101000100011
00011000011000000000101100000010001110111100110000011000010000000111100101000100011
00000111100100010000100000001000000000111110110100001000110000001011100101001100000
01000001110100000000100000000000000100111000111100111001010000001011100101000100000
01000011100100000000100000001000001100111010111100111000010000001011100101001100000

