01000001100000000000100000000000100001100010111000001011110000001011100001100000000
01100001100000000000100100000000100001100010110000001011110000001111100001100000001


00010001100100000001011111001010101111100110100101011100100000010110000001000001011
00010000001000010100001100000000110111100110010000111001110000010111100001100001011
00000111110000000100100000001000101001100110110000001011110000011011100001101001000
01100001100000000000100100000000100001100000110000001011110000001111100001100000001
01000001100000000000100000000000100001100010111000001011110000001011100001100000000
01100001100000000000100100000000100001100010110000001011110000001111100001100000001
01010001100000000000101100000010110111100010110000111011110000001100100011100000011
00000001100000010000100000000000101001100110110001001011110000000011100001100000000
00111000011000000000101100000000100011100110110000001011110000001111100001100000011
01000111100000000000100000001000100001100010111000001011110000001011100001101000000
01010000010100010000001100000100101111100010010101111000110100101111100001110001011
01010111110000000000101100101000101111100010110000111011100000001111000001101000011
01000001100000000000100000000000111001100000011000111011110000001011100001100000000
01100001100000000000100100000000101001100010110000001011110000001111100001100000001
11010001100100000000101100000110101011100000110100001111110000001110100001110000011
00011000000000010000101100000000100101100110010000011011110000000111100001100000011
00000101110000000000100000001000100001100110110000001011110000001011100001101000000
01010111100100010000101100001100101011100010100101001001110000001111100001011000011
01010001110000000000101100000000100111100000110000111001110000001111100001100000011
01000011100000000000100000001000101001100010111000001011110000001011100001101000000
01010000001000000000001111000010101111100010010000111001110100101110100101100001011
00000111100100010000000011001000101001100110110100001011110000000011100001101001000
00101000011000000001010111000000100101100100110000011011000000011111000001100001001
01000111100000000100010000001000110001100010011000111010110000011011100001101001000
01101000011000000100100100000000101001100000110000001011110000011111100001100001001
00010001100100000000101100001100111111100100110100111111110000001111100001110000011
01010000001000001000101100000000101101100010010000111011110000001111100001100000011
01000101100000000000100000001000101001100010111000001011110000001011100001101000000
00010001100100000001011100001000101011100110110101001111110100100111100001100001011
00011000001000000000101100000000100111100110010000011011110000001111100001100000011
01000101100000000000100000001000100001100010111000001011110000001011100001101000000
00010111100100000000001100001100101011100110110100001110110100100111100001111001011
00011000001000000000101100000000100101100100010000011011110000001111100001100000011
01100111110100010011010111001000100001100010100101001110100000011110000001101001001
00011000010000000100011100000000100111100100010000011011110000010111100001100001011
00000101100000000100100000001000100001100110110000001011110000011011100001101001000
00000001100100000011010011001010101101100110110101011111100100110011000001100001000
00110000001000010101011100000000110111100110010000111011110000011111100001100001011
01000101110000000100100000001000101001100010111000001011110000011011100001101001000
00011000011100000011001100001110101011100110110100001001110100101111100101010001011
01010111100100010000101100001000100101100010110100111001110000001111100001101000011
01000001110000000000100000000000101101100000111000111011110000001011100001100000000
01010111100100000000101100001100101111100010110101111101110100101111100101111000011
01010000000100000000101100000000101111100000010100111011110000001111100001100000011
01000101100000000000100000001000101101100010111000111011110000001011100001101000000
01100001100000000000100100000000101001100000110000001011110000001111100001100000001
00010000011100000000101100000110100111100100010101011011110100101111100101110000011
01010111100100010000101100001000100111100010110100111011110000001111100001101000011
00100001100110000000011101000001100001100110110101001110100000011111000001100001011
01011000001000000100001100000000100111100010010000111011110000011111100001100001011
01000101100000000100100000001000101001100010111000001011110000011011100001101001000
11000101100100010010000000001000101001100010111101001010110100101010100101101001000
10111000010100000000101100000000100111100100110100011011110000000111100001100000011
00000101100000000000100000001000100101100110110000011011110000001011100001101000000
00011000011100000010101100001100101111100110010101011010110100100111100101110000011
00010111100100000000101100001000100111100110110100011011110000001111100001101000011
01000001100000000000100000000000100101100000111000111011110000001011100001100000000
11110111100100000110101100001100110011100010010101101101110000011111100101111001011
01010000011100000000101100000000101111100000010100111011110000001111100001100000011
01000111100000000000100000001000101101100010111000111011110000001011100001101000000
01000111100100000000100000001000100001100010100101001010110000001010100001101000000
00111000000000000000101100000000100111100100110000011011010000000111100001100000011
00000101100000000000100000001000100001100110110000001010110000001011100001101000000
01010101100100000000101100001100101111100010110101111111110100101111100101111000011
00010111100000001000101100001100101111100110110001011011110100100111100101111000011
00010001100100000000101100000000100011100100110100001011110000001111100001100000011
01000001100000000000100000000000100101100010111000111011110000001011100001100000000
01010111100100000000101100001100100111100010100100111001110000001111100101111000011
01010001100100000000101100000000101101100000110100111011110000001111100001100000011
01000001100000000000100000000000101101100010111000111011110000001011100001100000000
11100001110100000010100100010010110101100000100101111010010000001111100101100000001
01010001100100010000101100000000101111100010110100111010110000001111100001100000011
01000001110000000000100000000000101101100010111000111011110000001011100001100000000
00010101100100000000011111001100100011100110110101001011100000011110000001111001011
00011000001000000100001100000000100111100100110000011011110000010111100001100001011
01010111110100010000001100001100101011100010100101001111110000001110100101111001011
00011000010100000000101100000000100111100100010100011011110000000111100001100000011
01010001100100000000001100001110100111100010110101111110110100101111100101110001011
01010000000100010000101100000000101111100010010100111011110000001111100001100000011
01000101110000000000100000001000101101100010111000111011110000001011100001101000000
00010000001000000000101100010010110111100110010001111000110000000100100111100000011
00010111100100010000101100001000101011100110110101001011110000000111100001101000011
00011000011000000000101100000000100111100100110000011011110000001111100001100000011
00000111100100000000000000101000101101100110100101011110100000000010000001101001000
00110000001000000000101100000000110111100100010000111011010000000111100001100000011
00000101100000000000100000001000101001100110110000001010110000001011100001101000000
00010001100000010000101100000000100111100110110000011011110100100100100001100000011
00000001110000000000100000000000100001100110110000001011110000000011100001100000000
00101000001000000000100100000000100001100110110000001011110000001111100001100000001
01010001100100010000101100000110100011100010110100001011110000001110100001110000011
00011000010000010000101100000000100101100110110000011011110000000111100001100000011
01001000001100000010000000000000110001100010000101111001010000001011100011000001010
01110111100000000000101100001000101111100010110001111000010000001111100001101000011
01010001100000000000101100100000101011100000110000001010100000001111000001100000011
00011000010100000100001100000110101111100100110100011011110100110111100101110001011
00010101100100010100101100001000100101100110110100011011110000011111100001101001011
01000001110000000000100000000000100101100000111000111011110000001011100001100000000
01010001100100000010001100000100110011100010010101101010110000001111100101110001011
01010001100100000000101100000000101111100010110100111011110000001111100001100000011
00010101100100001000101100001100100011100110100101001111110000001111100001111000011
01010000001000000000101100000000100111100000010000111011110000001111100001100000011
00010001100100000111011100001110100111100110100101011110110000010111100101110001011
00010000001100010100101100000000100111100110010100011011110000011111100001100001011
01000101110000000000100000001000100101100010111000111011110000001011100001101000000
00000001100100000000000011000000100001100110110101001111110000000011100101100001000
00111000001100000001011111000000100111100110010100011011000000011111000001100001011
01000101100000000100000000001000110101100010111000111010110000011011100001101001000
01100001100000000100100100000000101001100000110000001011110000011111100001100001001
10010001100100010010001100001100110011100110010100001110110000000111100001110001011
10011000011000000000101100000000100101100110010000011011110000001111100001100000011
00010001100000000000001100000110110011100110010001011111110100100111100111110001011
00011000011100010000101100000000100011100110010100001011110000001111100001100000011
01000111110000000000100000001000100101100010111000111011110000001011100001101000000
01011000000100000000001100000100101011100000000101001001110000001111100101010001011
01010101100100000000101100001000100111100010110100111001110000001111100001101000011
01000001100000000000100000000000101101100000111000111011110000001011100001100000000
00000000001100000000000011000000101101100110010101011010110000000011100101100001000
00110101100100000001011111001000100111100110110100011011000000011111000001101001011
01000001100000000100000000000000110101100000111000111010110000011011100001100001000
01100001100000000100100100000000101001100010110000001011110000011111100001100001001
01110111100110010000011101001100100011100010110101001111100000011110000001111001011
00011000010000000100001100000000100111100100010000011011110000010111100001100001011
00010111100100000000101100001100111011100110000101011100110000001111100111011000011
01010000011100000000101100000000100111100000010100111001110000001111100001100000011
00010000001000000001011111000010101111100110010000011001100100110111000101000001011
00000111100100010100000000001000110001100110010100011001110000011011100001001001000
01100001110000000100100100000000100101100000110000111001010000011111100001100001001
01000011100000000000100000001000101001100010111000001010110000001011100001101000000
00010111100100000000001100001100101011100110110101001110110000001110100101111001011
00011000001100000000101100000000100111100100010100011011110000000111100001100000011
01010111100100010000011111001100101111100010110100111110100000011110000101111001011
00010000010100000100001100000000111101100100010100111011110000010111100001100001011
00000101100000000100100000001000101101100110110000011011110000011011100001101001000
00110000010100000011011101000100101111100110000101011011000000011111000101110001011
01010101100100000100001100001000110111100010110100111010110000011111100001101001011
01000001100000000100100000000000101101100000111000111011110000011011100001100001000
10110111100100010110001100001100100111100110100101011001110000011111100001011001011
11010001110000000100101100000000100111100000110000111001110000011111100001100001011
01000001110100010000000011001000100001100010111101001011110000001011100101100001000
01110001110100000001011111000000100111100010110100111011000000011111000001100001011
01000001100000000100000000000000111101100010111000111010110000011011100001100001000
00010001100000000000101100000110101011100110110001001011110000000111100001110000011
00011000001000010000101100000000100011100110110000001011110000001111100001100000011
01000101110000000000100000001000100001100010111000001011110000001011100001101000000
10010001110100000010001100001100101111100100110101011111110000000110100001110001011
10010000001000001000101100000000100111100110010000011011110000000111100001100000011
00000101100000000000100000001000100001100110110000001011110000001011100001101000000
00010011110100010011011111011100101011100110110101001010100100110110000001111001011
00011000011000000100001100000000100111100100110000011011110000010111100001100001011
00000111100000000100100000001000100001100110110000001011110000011011100001101001000
00000101100100010000100000001000100001100110110101001111110000001011100001101000000
01110000011000000000101100000000100111100000010000111011010000001111100001100000011
01000111100000000000100000001000101001100010111000001010110000001011100001101000000
01100111100100000000100100001000101001100010110101001101110000001111100001001000001
01010000000000000000101100000000100111100000010000111001110000001111100001100000011
01010000010100010000001100001010111011100010010101111010110000001111100011100001011
01010101110000010000101100001000101111100010110001111011110000001111100001101000011
01010001110000000000101100000000101011100000110000001011110000001111100001100000011
00110001100110000000101100111101110111100100110101111101100100100111000001010000011
00010000001000001000101100010000111111100110010000111001110000001111100001100000011
01000111100000000000100000001000101001100010111000001011110000001011100001101000000
00010001100100000000001100001100111011100100000101011110110000000110100101110001011
00011000011100001000101100000000100111100110010100011011110000000111100001100000011
00000111100000000000100000001000100101100110110000011011110000001011100001101000000
00010111100100001100011100001100110111100110110101111110110000010110100011111001011
00010000001000000100101100000000101111100100010000011011110000010111100001100001011
00111000010000010100101100010100111111100110000000111000010000010111100101110001011
00010111110100000000101100101000101001100110110100001010100000001111000001101000011
00011000010100000000101100001110101111100110110101011010110100101111100101110000011
01010101100100010000101100001000100111100010110100111011110000001111100001101000011
00010111100100010000101100001100110111100110110101111000110100100111100111111000011
00010001110100000000101100000000101111100100110100011011110000001111100001100000011
00110111100110000000001100011101110111100110110101111101110100100111100101111001011
00010000001100000000101100000000101111100100010100011011110000001111100001100000011
01000101100000000000100000001000100101100010111000111011110000001011100001101000000
01010111100100000000001100001000101111100010100100111001110000001110100001101001011
00000001100000000000100000000000101101100100110000011011110000000011100001100000000
00100001100000000000100100000000100001100110110000001011110000001111100001100000001
01010000011100010000101100001000101101100010000101111011010000001111100101100000011
01010111110100000000101100001000101111100010110100111010110000001111100001101000011
00000011110100000000000011001000101101100110110101011011110000000011100001101001000
00110001100000000001011111000000100111100100110000011011000000011111000001100001011
01000001100000000100000000000000110001100010011000111010110000011011100001100001000
00000101100100000011010001001000110001100110010101011101100000010011000011001001000
00111000011000000101011100010000110111100100010001111000010000011111100011100001011
01010111100000000100101100001000101011100010110001001010110000011111100001101001011
01010001100000000000101100000000100011100000110000001011110000001111100001100000011
10011000011100000010001100000000101011100110000100001011110000001111100001100001011
11000111100000000000100000001000100101100010111000111011110000001011100001101000000
01010111100100000000101100011100110011100010000101101100110000001110100011111000011
00011000011000000000101100000000101111100100010000011011110000000111100001100000011
00000111100000000000100000001000100001100110110000001011110000001011100001101000000
10110001100110000000001100001001110111100110110101111101110100100111100001100001011
10010000001000000000101100000000101111100110010000011011110000001111100001100000011
00010001110000000000101100000100100011100100110001001011110100100111100001110000011
00011000001000000000101100000000100011100110110000001011110000001111100001100000011
11010111100100000101011100001100101011100010110101001011110100111110100001111001011
10011000000000000100101100000000100111100100110000011011110000010111100001100001011
00010101100000000000001100011000110111100110110000111001110100100110100101101001011
00000001100100000000100000000000101001100100110100001011110000000011100001100000000
00101000001000000000100100000000100101100110110000011011010000001111100001100000001
01000101100000000000100000001000100001100010111000001010110000001011100001101000000
00100000010000000001010100000000111101100110010001111001110000000110100011100001011
00010111100000000000101100001000101011100110110001001011110000000111100001101000011
00011000001000000000101100000000100011100100110000001011110000001111100001100000011
00010111100000000000001100001100101011100110100001001011110000000111100001111001011
11010101110100000010001100001100101011100010100101001111110000001111100101111001011
11010000000100000000101100000000100111100000010100111011110000001111100001100000011
00011000000000010000001100001100110111100110110000111000110000000100100011110001011
00010101110000000000101100001000101001100110110001001011110000000111100001101000011
00100101100000010011010111001000101101100110110000011010100100111111000101101001001
01000001110100000100010000000000110001100000011100111011110000011011100001100001000
01101000011000000100100100000000101101100010110000111011010000011111100001100001001
00000111110100000001000011001000100001100110100101001011110000001010100001101001000
00111000001000000001011111000000100111100100110000011011000000010111000001100001011
00000101100000000100000000001000110001100110010000011010110000011011100001101001000
01100001100000000100100100000000100001100000110000001011110000011111100001100001001
01110001110110000000101100001100100011100010100101001011110000001111100101110000011
01010001100100000000101100000000100111100010110100111011110000001111100001100000011
00010001110000010000101100000110111011100110010001011111110000000111100101110000011
01010111100100000000101100001100101111100010100100111011010000001111100101111000011
01010001100100000000101100000000101101100000110100111010110000001111100001100000011
00110001110110000000001100000000101111100100110101011010110000000111100101100001011
00010001100100000000101100000000100111100110110100011011110000001111100001100000011
00001000011000000101010000001000101101100100100000011010010000011011100101100001000
01100111100100001100100100001000100001100010110100001010110000011111100001101001001
00010001110000000100001100000110100111100100110001011111110000011111100101110001011
01010000001100010100101100000000100011100010010100001011110000011111100001100001011
01011000011100000110011100001100100111100000100101111001010000011111100101110001011
01010111100100001100101100001000101111100010110100111010110000011111100001101001011
00010101100100000000101100001100100011100110110101001111110000001111100101111000011
01010000001100000000101100000000100111100000010100111011110000001111100001100000011
00000001110000000110000000000010100001100110110001001110110000010011100101100001000
00111000001100010100101100000000100011100110010100001011110000011111100001100001011
00110101100100001001011101001100101111100110110101011000100100111111000101011001011
01010001100100000100001100000000110111100000110100111001110000011111100001100001011
01000001100000000100100000000000101101100010111000111011110000011011100001100001000
11000000011100000111000000001010110101100010000101111011110000011011100101100001000
11110111100100010100101100001000101111100010110100111011010000011111100001101001011
01000001110000000000100000000000101101100000111000111010110000001011100001100000000
01000001100100001111000000000010111001100010011101111001110100111011100011000001010
01110001100000010100101100000000101111100010110001111001110000011111100001100001011
01010001110000000000101100000000101011100010110000001011110000001111100001100000011
01010001100100000100001100011100111111100010110101111110110000011111100101110001011
01010000000100000100101100000000101111100010010100111011110000011111100001100001011
00010101110000010000001100001100110011100110010001001110110000001111100001111001011
01010000011000000000101100000000100011100000010000001011110000001111100001100000011
00010111100100010000001100001100101111100110100100011100110000001111100101011001011
01010000011100000000101100000000100101100000010100111001110000001111100001100000011
10010111100100010000011101001100100111100110100111011111100000010110000101111001011
10010000011100000100001100000000110111100100010100111011110000010111100001100001011
10000111100000000100100000001000101101100110110000011011110000011011100001101001000
11010001100100010000101100001110110111100010110100111000110100101110100101110000011
00010001110100010000101100100000101101100110110100011011100000000111000001100000011
00000001110000000000100000000000110101100110110000111011110000001011100001100000000
00110111100100010000101100001100100111100110100101011110110000000110100001111000011
00010000011000000000101100000000100111100100010000011011110000000111100001100000011
00110001110000010110001100001100111011100110010001011011110100111111100011110001011
01010001110000000100101100000000100011100010110000001011110000011111100001100001011
10010000011100000000001100000110100011100110000101001000110000001111100101010001011
11010111100100010000101100001000100111100010110100111001110000001111100001101000011
01010111100100010011011101011100110011100010000101111000000000011110000011011001011
00011000011000000100001100010000111111100100110000111000110000010111100011100001011
00000111100000000100100000001000101001100110110001001011110000011011100001101001000
01110001100000000000101100000000100011100000110000001011110000001111100001100000011
00001000010100000011000000000010110101100110110101111011010000000011100011100001010
00110101100000010000101100001000101111100110110001011010010000001111100001101000011
01010001110000000000101100000000100011100000110000001010110000001111100001100000011
00100001100100000110000100000010101101100110110101011100110000011111100101000001001
01010000001100010100101100000000100111100010010100111001110000011111100001100001011
01000111110000000000100000001000101101100010111000111011110000001011100001101000000
10000111100100010010000011001000101001100110110101001111110100100011100101101001000
10111000011100000001011111000000100111100101010110011011100000011111000001100001011
11000111100000000000000000001000110101100010111000111011110000001011100001101001000
11100001100000000000100100000000101001100000110000001011110000001111100001100000001
00000001110100000000100000000010101001100110100101001111110000000011100001100000000
00111000001000010000101100000000100111100110010000011011010000001111100001100000011
01000101110000000000100000001000100001100010111000001010110000001011100001101000000
00000101100100000000000011001000100001100110110100001011110000000010100101101001000
00101000001100000001010111000000100101100100110100011011000000010111000001100001001
00000101100000000100010000001000110101100110110000111010110000011011100001101001000
00010111110100010001011100001100101011100110110101001010110000000111100101111001011
00011000011100000000101100000000100111100100110100011011110000001111100001100000011
01000111100000000000100000001000100101100010111000111011110000001011100001101000000
01010101110100010000001100001100100011100010110100001111110100101110100101111001011
00011000010100000000101100000000100101100100010100011011110000000111100001100000011
01010001110100010000001100000100101011100010110101001110110100101110100001110001011
00011000010000000000101100000000100111100110010000011011110000000111100001100000011
00010001100100000000101100001100111111100110100101111010110000000111100111110000011
00010001100100000000101100000000101111100110110100011011110000001111100001100000011
01010001100100000000011111000100101111100000110101111101100100111110000001010001011
00010000000000000100001100000000111111100110010000111001110000010111100001100001011
00000101100000000100100000001000101001100110110000001011110000011011100001101001000
10010111100100010000101100011100111111100110110101111111110100100110100101111000011
00010000011100000000101100000000101111100100010100011011110000000111100001100000011
00010101100100010000101100001100100111100110100101011110110000000111100001111000011
00010000011000000000101100000000100111100100010000011011110000001111100001100000011
00010111100000000000101100011100111111100110100001111100110000001111100011111000011
01010000001000000000101100000000101011100000010000001011110000001111100001100000011
01010111100100000001011101001100101011100010110101001011100100111111000101111001011
01011000000100000100001100000000100111100000110100111011110000011111100001100001011
01000101100000000100100000001000101101100010111000111011110000011011100001101001000
11000001100100010000000000000000111101100010111101111111110000001010100001100001000
10110000010000000000101100000000101111100110010000011011010000000111100001100000011
01000101100000010000100000001000100001100010111001001110110000001011100001101000000
01110000010000000000101100000000100011100000010000001011110000001111100001100000011
00000001100100000001010001001010111001100110000100011001000000010011000001000001000
00101000011000010101010100010000110101100110110000111000010000011111100001100001001
01000111110000000100100000101000101001100010111000001010100000011011000001101001000
00000001110100010000100000001000111001100110010100011111110000000010100101100000000
00101000011100000000100100000000100101100110010100011011010000000111100001100000001
00000111100000000000100000001000100101100110110000011010110000001011100001101000000
00010111100000010000101100001100100011100110100001001010110000000111100101111000011
00011000011100000000101100000000100011100100110100001011110000001111100001100000011
00010011100000010101011100001100100111100110110001011110110100110111100001111001011
00010000011000000100101100000000100011100100010000001011110000011111100001100001011
00010111110100010011011111001100100011100110110101001010100000010110000101111001011
00011000011100000100001100000000100111100100110100011011110000010111100001100001011
00000111100000000100100000001000100101100110110000011011110000011011100001101001000
00000001100100000011010001101000110101100100110101111111100000010011000001100001000
00110000001000001101011100010000111111100110010000111010010000011111100001100001011
01000101100000000100100000001000101001100010111000001010110000011011100001101001000
10010001100100010100101100000100100011100110110101001011110100110110100001110000011
00011000011000000000101100000000100111100110110000011011110000000111100001100000011
00010001100100010000101100010110111111100110100101111110110000001111100011110000011
01010000011000010000101100000000101111100010010000111011110000001111100001100000011
01000111110000000000100000001000101001100010111000001011110000001011100001101000000
10011000001100000110001100001100110011100110010101001011110100111111100101110001011
11010101100100000100101100001000100111100010110100111011110000011111100001101001011
00100111100010001000101100011000110101100110110001111000010000000100100011101000011
00010001100000000000101100000000101011100100110001001010110000000111100001100000011
00110111100110010000001100001101100011100110110101001010110100100111100101111001011
01110001110010010100101100011101111111100010110001111001110100111111100111110001011
01010011110100000000101100001000101011100010110100001011110000001111100001101000011
01010101100100010101011100001100110011100010000101111011110000011110100011111001011
00011000011000000100101100000000101111100100110000011011110000010111100001100001011
00010000011100000011001100000000100011100100010101001011110000001111100101100001011
01010111100100000000101100001000100111100010110100111011110000001111100001101000011
01000101100100010000000000001000111001100010011101111001110100101011100101001001000
01110001110100000000101100000000101111100000110100111001110000001111100001100000011
01000011100000000000100000001000101101100010111000111011110000001011100001101000000
00010001110100010000001100000100100111100110110101011010110100100111100101110001011
00010001110100000000101100000000100111100110110100011011110000001111100001100000011
00000001100000000000000000001000101001100110110001001010110100101011100001100001000
01110001100000000000101100000000100011100010110000001011110000001111100001100000011
00010000010000000000001100000010111111100110000000111001110000001110100111100001011
00000111100100010000100000001000101001100110110101001011110000000011100001101000000
00111000011000000000101100000000100111100100110000011011010000001111100001100000011
01000111100000000000100000001000100001100010111000001010110000001011100001101000000
00010001100100000000101100000110110111100110110100111100110100101110100001110000011
00010000001000010000101100100000101101100110010000011011100000000111000001100000011
00000101110000000000100000001000110001100110010000011011110000001011100001101000000
01100000010100000110100100011010111001100010010101111000110000011111100011100000011
01010111100000010000101100001000101111100010110001111011110000001111100001101000011
01010001100100000000001100001100100111100010110101111001110100101111100101110001011
00110101110110000000101100001101100011100110110101001110110100100110100001111000011
00011000001000000000101100000000100111100100010000011011110000000111100001100000011
00000101110100000000000011001000101101100110110101011011110000001010100001101001000
00110001100000000001011111000000100111100100110000011011000000010111000001100001011
00000001100000000100000000000000110001100110010000011010110000011011100001100001000
01100001100000000100100100000000100001100010110000001011110000011111100001100001001
00000111110100010000000011001000100001100110110101001110110100100010100001101001000
00111000011000000001011111000000100111100100010000011011100000010111000001100001011
00000111100000000100000000001000110001100110010000011011110000011011100001101001000
00000001100100010100000000001010100001100110110101001011110000010010100001100001000
00111000011000010100101100000000100111100110110000011011010000010111100001100001011
00000111110000000000100000001000100001100110110000001010110000001011100001101000000
01110001110100000000101100000100101011100000100101001111110000001111100101110000011
01010000000100000000101100000000100111100010010100111011110000001111100001100000011
01110001100110010000011111001111101011100010110101001010100100111111000001110001011
01011000010000010100001100000000100111100010110000111011110000011111100001100001011
00101000011110000000101100000000111101100110110100111010010000001111100001100000011
01000111100000000000100000001000101101100010111000111010110000001011100001101000000
11010111100100001011011111001100101011100011110111001011100100111110000101111001011
10011000000100000000001100000000100111100100110100011011110000000111100001100001011
10000101100000000000100000001000100101100110110000011011110000001011100001101000000
01011000010100000000101100000100110011100000010101101011110100101111100101110000011
01010101100100000000101100001000101111100010110100111011110000001111100001101000011
00010001100100000101011100000100101011100100100101001110110000010110100101110001011
00011000001100000100101100000000100111100110010100011011110000010111100001100001011
01011000011000010000001100001110110111100010010001111000110100101111100111110001011
01010111110100010000101100001000101011100010110100001011110000001111100001101000011
00100111110100000000100100001000101101100110100101011010110000001111100101101000001
01010001100100000000101100000000100111100000110100111011110000001111100001100000011
01010000010000010101001100001110100011100010010001001011110000011111100101110001011
01010101110100010100101100001000100011100010110100001011110000011111100001101001011
00011000000100000000101100001100110111100110110101111000110100100110100101110000011
00010101100100000000101100101000101111100110110100011011100000000111000001101000011
00000001100000000000100000000000110101100100110000111011110000001011100001100000000
00010001100000010000101100000100110111100110110001111111110000001111100111110000011
01010000011100000000101100000000101011100010010100001011110000001111100001100000011
00101000010000010000100100001000101001100110110001001011110000001111100101100000001
01010101110100000000101100001000100011100010110100001011110000001111100001101000011
00110000010110000000101100001111100111100110010101011010110100100111100101110000011
00010101100100010000101100001000100111100110110100011011110000001111100001101000011
01100101110100010000100100001000100001100010110101001011110000001111100101101000001
01010001110100000000101100000000100111100000110100111011110000001111100001100000011
01100101100000001100100100001000100101100010110001111110110000011111100101101000001
01010000000100000000101100000000101011100000010100001011110000001111100001100000011
01000001100000000100000000001010100101100010100001111011010000011011100101100001000
01110001100100010100101100000000101011100010110100001010110000011111100001100001011
01000001110000000000100000000000100101100010111000111011110000001011100001100000000
00010001100100000000001100000010100101100110100101011111110000001111100001100001011
01010000001000010000101100000000100111100010010000111011110000001111100001100000011
01000101110000000000100000001000101001100010111000001011110000001011100001101000000
01000111100100010000000011001000100101100010100101111011110000001010100101101001000
00110001110100000001011111000000101111100100110100011011000000010111000001100001011
00000001100000000100000000000000110101100110110000111010110000011011100001100001000
00100111100010001000101100001001111101100110110001111101110100100111100001101000011
00010000001000000000101100000000101011100100010000001011110000001111100001100000011
00000111100100000010100010001000100001100110100101001010110000001010100001101000000
00000000000100010000000011010000101001100110010100001010100000001011000101100001000
01100101110100000011010111001000100101100010110100111010000000011111000001101001001
01000001100000000100010000000000111101100000111000111010110000011011100001100001000
10110101110110000100011100001100111111100110110101111110110000010111100101111001011
10010000001100000100101100000000101111100100010100011011110000011111100001100001011
01100001100100010000000100001000101101100010110101111100110000001110100101100001001
00010000010100000000101100100000101111100110010100011011100000000111000001100000011
00000101100000000000100000001000110101100110110000111011110000001011100001101000000
00000001100100000000100000001000101101100110110100011000110000001011100101000000000
01100001100100000000100100000000100101100010110100111001010000001111100001100000001
01000001100000000000100000000000101101100010111000111010110000001011100001100000000
00010111100100001000101100001100100111100110110100011100110100101111100001011000011
01010000001000000000101100000000100101100000010000111001110000001111100001100000011
00010101100100010001011101001000111101100110100101111110100000010111000111101001011
00010000011100000100001100010000111111100100010101111011110000011111100011100001011
01010111100000000100101100001000101111100010110001111011110000011111100001101001011
01010001100000000000101100000000101011100000110000001011110000001111100001100000011
01010000011100000011001100010110110111100000010101111000110100101111100111110001011
01010111100100010000101100001000101111100010110100111011110000001111100001101000011
00110111100010010100001100001100110011100110000001011011110000011111100011111001011
01010001110000000100101100000000100011100000110000001011110000011111100001100001011
10010101100000010000101100001000100011100110110001001010110000001111100101101000011
01010001110100000000101100000000100011100000110100001011110000001111100001100000011
10100111100000010000000100001000101001100110110001001011110000000111100101101001001
10011000011100000000101100000000100011100100110100001011110000001111100001100000011
10110111100100000011011100001100101111100110110101011011010000001111100101111001011
11010001100100000000101100000000100111100000110100111010110000001111100001100000011
00011000000100000000101100100110100111100110010101011011100000001111000101110000011
01010101100100010000101100001000110111100010110100111011110000001111100001101000011
01110111100100000000101100001100100011100010110101001010110100101111100101111000011
11010101100100000010001100011100110111100010110101111100110100101110100101111001011
10010000000100000000101100100000101111100100010100011011100000000111000001100000011
01010101100000010000001111001000100111100010110000111000110000001111100101101001011
01000001110100000000000011100000101001100000111100001011100000001011000001100001000
01100001100000000001010111000000100101100010110000111011000000011111000001100001001
01000001100000000100010000000000111001100010011000111010110000011011100001100001000
01101000011000000100100100000000101001100010110000001011110000011111100001100001001
00010111100100000000101100001100100011100110100101001110110000000110100101111000011
00010001100100000100001100001100100111100100110101011111110000011111100001110001011
01010000001000001100101100000000100111100010010000111011110000011111100001100001011
00001000001000010000100000000010111101100110100001111011010000001000100111100000010
00110101110100010000101100001000101011100110110101001010110000000111100001101000011
01000111100100001100100000001000100101100010111101111110110000011011100101101001000
01110000000100000000101100000000101111100000010100111011010000001111100001100000011
01000101100000000000100000001000101101100010111000111010110000001011100001101000000
01010001110100000100001100000110110111100010100101111000110000011110100101110001011
00010011100100010100101100101000101111100110110100011011100000010111000001101001011
00000001110000000000100000000000110101100100110000111011110000001011100001100000000
10011000011100000100001100000100100011100100010101001000110000011111100101010001011
11010111100100000100101100001000100111100010110100111001110000011111100001101001011
01000111100100001011010000001000101001100010111101001011110100101010100001101001000
00111000000000000000101100000000100111100100110000011011110000000111100001100000011
00010001100100010000101100000110101011100110100101001110110000000111100001110000011
00011000011000010000101100000000100111100110010000011011110000001111100001100000011
01000111110000000000100000001000100001100010111000001011110000001011100001101000000
00011000011000010000101100001010100111100110010000011010010000000110100101100000011
00000111110100010000100000001000100001100110110100001010110000000011100001101000000
00101000011000000000100100000000100101100100110000011011010000001111100001100000001
00010101100100010000101100001100100011100110110101001011110100100110100101111000011
00011000011100000000101100000000100111100100110100011011110000000111100001100000011
00011000001000000000101100000110100111100110110001011011110100100111100101110000011
00010101100100010000101100001000100011100110110100001011110000001111100001101000011
01001000001000000010100000000000110101100000111001111011010000001000100011100000010
00110101100000000000101100001000101011100110110001001010110000000111100001101000011
00010000010100000000101100000100100011100110100101001001110000001111100101010000011
01010111100100000000101100001000100111100010110100111001110000001111100001101000011
00011000001000000010101100010000111111100110100000111000010000001100100011100000011
00000111100000000000100000001000101001100110110001001010110000000011100001101000000
00111000001000000000101100000000100011100100110000001011110000001111100001100000011
01111000000010010000001100000110101111100010010001111001110000001111100101110001011
01010101110100010000101100001000101011100010110100001011110000001111100001101000011
00010101100000001000101100001100110011100110010001001011110000000111100101111000011
00110001100100000000011101000000101001100100100101001111100000010111000101100001011
00011000001100000100001100000000100111100110010100011011110000011111100001100001011
01000101100000000100100000001000100101100010111000111011110000011011100001101001000
10101000011010000100001100101000100101100110000000011010000000010100000001100001011
10000111100000000100100000001000110001100110010000011010110000010011100001101001000
00101000011000000000100100000000100001100100110000001011110000001111100001100000001
01100001110110000000101100011000111101100000110101111000010000001110100011100000011
00010011100000001000101100001000101111100110110001011010110000000111100001101000011
00010001100000000000101100000000100011100100110000001011110000001111100001100000011
00110111100110000000101100001101100011100110110101001111110100101110100101111000011
01010001100100000000101100000110110011100010010101111011110100101110100001110000011
00011000011000010000101100000000101111100110110000011011110000000111100001100000011
00000111110000000000100000001000100001100110110000001011110000001011100001101000000
00010001100100000000101100001100100011100110110101001010110000000110100001110000011
00011000001000000000101100000000100111100110110000011011110000000111100001100000011
01110001100110000000001100001100101111100000100101111110110000001110100001110001011
00010000000000001000101100000000101111100110010000011011110000000111100001100000011
01100001100100000000100100000010101001100010110101001001110000001111100101000000001
01010001100100010000101100000000100111100010110100111001110000001111100001100000011
00010001100000000000101100000100100111100100110001011011110100100111100101110000011
00010001100100000000101100000000100011100110110100001011110000001111100001100000011
10010111100100010000001100001100110011100110010101001111110100100110100001111001011
10011000011000000000101100000000100111100100010000011011110000000111100001100000011
00011000010100000100001100000100111111100100100101111001110000011111100111110001011
01010111100100000100101100001000101111100010110100111011110000011111100001101001011
00000101110100010000100000001000101001100110110101001011110000000010100101101000000
00111000011100000000101100000000100111100100110100011011010000000111100001100000011
00110101100110000000011101001101100011100110110101001111100100110110000001111001011
00011000001000000100001100000000100111100100010000011011110000010111100001100001011
00111000000100010011011101001100100111100110110101011010100100111111000101110001011
01010101110100000100001100001000110111100010110100111011110000011111100001101001011
00110111100000010001001111001000101111100110110000011011110000000100100101101001011
00000001110100000000000011000000100001100100110100001011110000000011100001100001000
00101000001000000001010111000000100101100110110000011011000000011111000001100001001
01000101100000000100010000001000110001100010011000111010110000011011100001101001000
01011000001100000000101100001010101101100010010101111000110100101111100101100000011
01010111100100010000101100101000101111100010110100111011100000001111000001101000011
01000001110000000000100000000000111101100000111000111011110000001011100001100000000
00011000010100000000001100011000110111100100010100111000110000000111100011100001011
00000111100000001000100000001000101101100110110001011011110000001011100001101000000
11010111100100010100001100001000101101100010100100111010110000011110100001101001011
10000001110000000100100000000000101101100100110000011011110000010011100001100001000
00101000000110000000101100001010101101100110010101011000110000001111100101000000011
01010101100100010000101100001000100111100010110100111001110000001111100001101000011
01010001100100000100001100001100101111100010110101111000110100111110100101110001011
00010001100100000100101100100000101111100110110100011011100000010111000001100001011
00000001100000000000100000000000110101100110110000111011110000001011100001100000000
01010101100000010110001100001100100111100010110000111001110100111111100101111001011
01010001110100000100101100000000101001100000110100001011110000011111100001100001011
10000001100000000000000000000010110001100110010000011010110000001011100101100001000
11100001100100010000100100000000100001100010110100001011110000001111100001100000001
00110001100010000000101100000100101111100100100001011110110000000111100101110000011
00010000001100000000101100000000100011100110010100001011110000001111100001100000011
10011000011100010110001100001110111111100110000101111001010000011111100101110001011
11010111110100010100101100001000101111100010110100111010110000011111100001101001011
01110001100100000000101100000000100101100000110101111110110000001110100101100000011
00010000000100000000101100000000101111100110010100011011110000000111100001100000011
01010111100000010000001111011000101111100010110000111010100100101100000101101001011
00000001110100000000000011000000101001100100110100001011110000000011100001100001000
00000001100100000000000000000010101101100100110101011111110000000010100101100001000
00110000001100010000101100000000100111100110010100011011010000000111100001100000011
00000101110000000000100000001000100101100110110000011010110000001011100001101000000
00010101110000010000101100001100101111100110110001011111110100101111100001111000011
00000001100100000000000011000000100101100110110100011111110000001010100101100001000
00100000001100000001010111000000100101100110010100011011000000010111000001100001001
00000001100100000010000011010000100101100110110100011010100000000010000001100001000
00100001100000000011010111000000100101100110110000011010000000010111000001100001001
00000001100000000100010000000000110001100110010000011010110000011011100001100001000
01101000011000000100100100000000100001100010110000001011110000011111100001100001001
11010000011000010100001100001110100011100010010001001010110000011111100101110001011
11010111110100010100101100001000100011100010110100001011110000011111100001101001011
01000111110100000000000011001000101101100010111101111011110100101010100101101001000
00110001100100000001011111000000101111100100110100011011100000010111000001100001011
00000001100000000100000000000000110101100110110000111011110000011011100001100001000
00010111100100000000101100001100110111100110110101111100110000000111100011111000011
00010000001000000000101100000000101111100100010000011011110000001111100001100000011
00011000000000000000101100000100110111100110110001111001010000000111100111110000011
00010101100100000000101100001000101011100110110100001010110000001111100001101000011
00010001110100000001011101001110100111100110100101011111100000010110000001110001011
00010000001000010100001100000000110111100110010000111011110000010111100001100001011
00000101110000000100100000001000101001100110110000001011110000011011100001101001000
10110111100100000000001100001100111011100110000101011110110000000111100101111001011
10011000011100000000101100000000100111100100010100011011110000001111100001100000011
10010111110100000000101100001100100011100110100101001110110000000111100101111000011
00011000001100000000101100000000100111100100010100011011110000001111100001100000011
01110001110000010000101100000100101111100010110001111011010000001111100001110000011
01010001110000000000101100000000101011100010110000001010110000001111100001100000011
10000000011100000000100000000000111001100110010100011011110100101011100101100000000
01100111100100000000100100001000100101100010110100111011110000001111100001101000001
00110101100100000011011101011100110111100110110101111011100100110110000111111001011
00010001100100000100001100010000111111100100110100111011110000010111100011100001011
00000001100000000100100000000000101101100110110001011011110000011011100001100001000
00111000010000000100101100010100111011100110000001011010010000011111100111110000011
01010101100100000000101100001000100011100010110100001010110000001111100001101000011
00010111100100010001011111001000100111100110110101011110100100111110000101101001011
00010000011100000100001100000000110111100100010100111011110000010111100001100001011
00000111100000000100100000001000101101100110110000011011110000011011100001101001000
01010101100100000000001100001100101011100010100101001100110000001111100001011001011
00010111100100010000101100001100100111100110110101011111110100100110100101111000011
00010000011100000000101100000000100111100100010100011011110000000111100001100000011
11010001100100000100101100100100101111100010110100111101100000011111000101010000011
01010000000100000000101100000000111101100010010100111001110000001111100001100000011
11010111100100000011011111011100100011100011110111001011100100111111000101111001011
11011000000100000000001100000000100111100000110100111011110000001111100001100001011
11000101100000000000100000001000101101100010111000111011110000001011100001101000000
01110001100100000011011111001100101011100010100101001010100000011110000001110001011
00011000000000000100001100000000100111100110110000011011110000010111100001100001011
00000101100100000011010001001000100001100110100101001101100000011011000101001001000
01111000001100000101011100000000100111100000010100111001010000011111100001100001011
01000111100000000100100000001000101101100010111000111010110000011011100001101001000
00110000011100000011011100000110110111100100010101111011110100100111100111110001011
00010111100100010000101100001000101111100110110100011011110000001111100001101000011
00010000000000010000101100000100101011100110010001001010110100101111100101110000011
01110001100100010111001100000100100011100010110101001110110000011110100001110001011
00011000010000000100101100000000100111100110010000011011110000010111100001100001011
00000001100100000100000000001000100001100100110100001110110000011010100001100001000
00101000001000001100100100000000100101100110010000011011010000010111100001100001001
11010111100100010011001100001100100111100010100101111111110000001111100101111001011
11010000010100000000101100000000101111100000010100111011110000001111100001100000011
01010001100100010000101100010110111111100010100101111100110000001111100001110000011
01010000010000010000101100100000101111100010010000111011100000001111000001100000011
01000101110000000000100000001000111001100010011000111011110000001011100001101000000
00011000000100010100101100001000100111100110110100011011110100110111100001100001011
00000101110000000000100000001000100101100110110000011011110000001011100001101000000
00011000010000010000101100001100100111100110010001011010110000001111100101110000011
01111000011110000000001100001100101011100010100101001000110000001111100101010001011
01010011100100000000101100001100101011100010110100001110110100101110100001111000011
00011000000000000000101100000000100101100100010000011011110000000111100001100000011
11010111100100000100101100001000100111100010100101111111110000011110100101101000011
00010000000100000000101100000000101111100100010100011011110000000111100001100000011
01111000011000000000001100000100110111100010010000111010010000001111100101110001011
01010111100100000000101100001000101001100010110100001010110000001111100001101000011
00010001100100000000001100001100101011100100110101001111110100100110100101110001011
00011000001100001000101100000000100111100110010100011011110000000111100001100000011
01101000000110010000101100000010110001100010010101111010010000001111100101100000011
01010101110100010000101100001000101111100010110100111010110000001111100001101000011
01010001100100000000001100001100101111100010110100111011110100101111100101110001011
01010001100100000000101100000000101101100010110100111011110000001111100001100000011
00010001100100010010001100001110111111100110100101111110110000001111100001110001011
00010111100100000000101100001100101011100110110101001011110100100111100001111000011
00011000001000000000101100000000100111100100110000011011110000001111100001100000011
00011000010100010010101100001100111111100110000100111000010000000111100001110000011
00010111110000000000101100101000101101100110110000011010100000001111000001101000011
01000001100000000000100000000000110001100000011000111011110000001011100001100000000
00010000010100000000101100000110100011100100010101001011110100101111100101110000011
01010101100000000011011101001000111111100010100000111011100000011110000001101001011
00000001100000000100000000010000111001100100010000011011110000010011100001100001000
00101000011000000110100100000000100001100110110000001011110000011111100001100001001
10010101100000000100001100011100110111100110110001111110110000011111100101111001011
11010000001100000100101100000000101011100000010100001011110000011111100001100001011
00010001100100000100001100000100100011100100110101001011110100110111100101110001011
00011000001100000100101100000000100111100110110100011011110000011111100001100001011
00010001110100000100101100000100101011100100110101001000110100111111100101010001011
01010011100100000000101100001000100111100010110100111001110000001111100001101000011
01010111110100010000101100001000100111100010110101111011110000001111100101101000011
01010001110100000000101100000000101111100000110100111011110000001111100001100000011
01010001100100000000001100000100101011100010110101001100110000001111100101010001011
01010000000100000000101100000000100111100010010100111001110000001111100001100000011
00010001100100010000101100001110110011100110010101011111110000000110100001110000011
00011000011000010000101100000000100111100110010000011011110000000111100001100000011
00100111100110000000001100101001100001100110110101001010100100100110000001101001011
00011000001000000000101100000000100111100100110000011011110000000111100001100000011
00010011100100000001011111001100101111100110110100011111100000011110000001111001011
00010000001000000100001100000000110101100100010000111011110000010111100001100001011
00010101100000010000011101001100101111100110110001011111100100110111000001111001011
00010000011000000100001100000000110011100100010000011011110000011111100001100001011
01000111100000000100100000001000100001100010111000001011110000011011100001101001000
00011000000100000001011101001100100111100110010100011001100100110111000101010001011
00010101100100000100001100001000110101100110110100111001110000011111100001101001011
01010001100100000010101100010110111011100000010101111110110100101110100111110000011
00011000011100010000101100000000101111100110010100011011110000000111100001100000011
00000111110000000000100000001000100101100110110000011011110000001011100001101000000
00010111100100010000101100001100101011100110110101001011110100100110100101111000011
01110101110110010000001100001100110011100010000101111010110000001110100001111001011
00011000011000000000101100000000101111100100110000011011110000000111100001100000011
01010101100000010100101100011000111111100010110000111011110000011110100101101000011
00000001110100000000100000000000101001100100110100001011110000000011100001100000000
01010101100100000000101100001100111111100010110101111110110100101111100011111000011
01010000000000000000101100000000101111100000010000111011110000001111100001100000011
00010111100100000000101100001100101011100110100101001010110000000111100001111000011
01010000000100010000101100101000100111100010110100111011100100101111000001100000011
01000101110000000000100000001000111101100010111000111011110000001011100001101000000
10011000000000000000101100001010101111100110010000011011010000000100100101100000011
00000101100100010000100000001000100001100110110100001010110000000011100001101000000

