01000001100100000000100000000000111101111010111100111000110000001011100101000100000
01100001100100000000100100100000101101111010110100111001000000001111000101000100001


00010000000000001010101110111110100111110110010001011001100100100100000001010000011
00010101100000010000001111001000100011111110110000001001110000000111100101001101011
00001000011100000000000011000000100001111100110100001001110000001011100101000101000
01100111100100000001010111001000100101111010110100111001000000011111000101001101001
01000001100100000100010000000000111101111000111100111000110000011011100101000101000
01100001100100000100100100100000101101111010110100111001000000011111000101000101001
01000001100100000000100000000000111101111010111100111000110000001011100101000100000
01100001100100000000100100100000101101111010110100111001000000001111000101000100001
00010101100100000000001111001100100111110110100100011100110000000110100001011001011
00010000001000000000001111000000100101111100010000011001110000000111100101000101011
00000111100100000000000011001000100001111110110100001001110000001011100101001101000
01100001100100000001010111000000100101111000110100111001000000011111000101000101001
01000001100100000100010000000000111101111010111100111000110000011011100101000101000
00000001100100000000000011000000100001111110100100001100110000001010100101000101000
00101000001100000001010111000000100101111110010100011001000000010111000101000101001
00000111100100000100010000001000110101111110110100111000110000011011100101001101000
01100001100100000100100100100000101101111000110100111001000000011111000101000101001
00010001100000000000101100001000101111110110110000011001110100100100100101000000011
00000001100100000000100000000000100001111110110100001001110000000011100101000100000
00101000001100000000100100000000100101111110110100011001010000001111100101000100001
01000111100100000000100000001000100101111010111100111000110000001011100101001100000
01100001100100000000100100100000101101111000110100111001000000001111000101000100001
00000001100100000100000000000000111001110110000101011000110000010011100101000001000
00111000011100000100101100100000100111111110110100011001000000011111000101000101011
01000111100100000000100000001000110101111010111100111000110000001011100101001100000
00010001100100001000001111001100101111110110110101011001110100100111100101010001011
00010001100100000000001111000000100111111110110100011001110000001111100101000101011
01000001100100000000000011000000100101111010111100111001110000001011100101000101000
01100001100100000001010111000000101101111010110100111001000000011111000101000101001
00001000000000000001010001000000100101110110010001011000000000010000000101000001000
00110101100100000101011100001000110011111110010100011000010000010111100101001101011
00001000011100000100100000100000100101111100110100011000100000011011000101000101000
01100111100100000000100100101000110101111010110100111001000000001111000101001100001
01000001100100000000100000110000111101111000111100111000100000001011000101000100000
01100001100100000010100110110000101101111010110100111000000000001111000101000100001
01000001100100000000000011100000101101111010111100111000100000001011000101000101000
01100001100100000001010111100000101101111010110100111001000000011111000101000101001
10001000011100000010000011001000100101110110100101011000010000000010100101000001000
10110111100100000001011111001000100111111111110110011000000000010111000101001101011
10000001100100000000000000000000110101111100110100111000110000001011100101000101000
11100001100100000000100100100000101101111010110100111001000000001111000101000100001
00110001100100000011011100101010110111110110100100111000000000001110000001000001011
00000001100000010000100000110000111101111110110000111000100000000011000101000100000
00100001110100000010100110110000101001111110110100001000100000001111000101000100001
01000011100100000000000011001000100101111010111100111001110000001011100101001101000
01100001100100000001010111000000101101111000110100111001000000011111000101000101001
00110101100100010001001111001100101111110110110100011001110000000110100101011001011
00010001110100000000001111000000100101111100110100011001110000000111100101000101011
00000011100100000000000011001000100101111110110100011001110000001011100101001101000
00010111100000000000001111001100101011111110110001001101110100100111100101011101011
00011000001100000000001111000000100011111100010100001001110000001111100101000101011
01000111100100000000000011001000100101111010111100111001110000001011100101001101000
00011000010000000010101110011100100111111100010000011001100100100111000101010100011
00010111100100001000001111001000100001111110110100001001110000001111100101001101011
01000001100100000000000011000000100101111000111100111001110000001011100101000101000
00010011100100000000001111001100100111111110110101011000110000000111100101011101011
00010001100100000000001111000000100111111100110100011001110000001111100101000101011
00100111100110010000001111001000100101111110110100011100110000000111100101001101011
00000000011100000000000011000000100101111100010100011001110000001011100101000101000
00000111100100010010000011001000100001110110110100001000110000001010100101001001000
00101000011100000001010111000000100101111100110100011001000000010111000101000101001
11000001100100010010000011000000100001111010100101001100110000001011100101000101000
11110000010100000001011111000000100111111011010110111001000000011111000101000101011
11000111100100000000000000001000111101111010111100111000110000001011100101001101000
11100001100100000000100100100000101101111000110100111001000000001111000101000100001
01000001100100000000000011001000101001110000100101001101110000001011100001000001000
01110000000000001001011111000000100111111010010000111001000000011111000101000101011
01000101100100000100000000001000111001111010011100111000110000011011100101001101000
00110000011010000000001111010011101011111100010001001001100100101111000101000101011
01010111100100010000001111001000100011111010110100001001110000001111100101001101011
01000001110100000000000011000000100101111000111100111001110000001011100101000101000
01100011100100000001010111001000101101111010110100111001000000011111000101001101001
00010001100000000010001111010100101111110100100001011000000000001100000101010001011
00010001100100000000001111000000100011111110110100001000110000000111100101000101011
00001000001100000000000011000000100101111110110100011001110000001011100101000101000
00110101100100010010101110011100100111111110110101011000000000000110000101011100011
00010001110100000000001111000000100111111100110100011000110000000111100101000101011
00000000011100000000000011000000101101110110010101011001110000000010100001000001000
00110111100000000001011111001000100111111110110000011001000000010111000101001101011
00000001100100000100000000000000110001111100010100011000110000011011100101000101000
01100001100100000100100100100000100101111010110100111001000000011111000101000101001
01010001100100000000001100100100110011110010000101111101100000001111000101010001011
01010000011100000000101100110000111111111010010100111001100000001111000101000100011
01000111100100000000100000111000111101111010111100111001100000001011000101001100000
01100001100100000010100110110000101101111000110100111000000000001111000101000100001
00010001110000000000001111000110100111110100100001011000010000001100100101010001011
00010011100100010000001111001000100011111110110100001000110000000111100101001101011
00001000011100000000000011000000100101111100110100011001110000001011100101000101000
00010001100000010011001111001100100011111110110001001000110100100111100101010101011
00011000011100000000001111000000100011111110110100001001110000001111100101000101011
00111000010110000000001111001110101111111110100101011001110000000110100101010101011
00010111100100010000001111001000100111111110110100011001110000000111100101001101011
00000001110100000000000011000000100101111100110100011001110000001011100101000101000
01100011100100000001010111001000100101111010110100111001000000011111000101001101001
00010000000100000011001111001000101111111100010100011000110100101110100101000101011
00000101100100001000000011001000100101111110110100011001110000000011100101001101000
00100001100100000001010111000000100101111100110100011001000000011111000101000101001
01000001100100000100010000000000110101111010111100111000110000011011100101000101000
00010001110100000000001111101110100111111110110100011001100000001110000101010101011
00010011100100010000001111001000100101111110110100011001110000000111100101001101011
10001000011100000110000000000000111101111110110101111000010000010010100101000101000
10110111100100000100101100101000101111111110110100011000000000010111000101001101011
00000001100100000000100000100000110101111100110100111000100000001011000101000100000
01100001100100000000100100110000111101111010110100111000000000001111000101000100001
01000001100100000000100000110000111101111010111100111000100000001011000101000100000
00010111100100010010001111001100101011111110110101001000110000000111100101011101011
00011000011100000000001111000000100111111100110100011001110000001111100101000101011
00011000000100000000101100101100100111111100100100011000000000001111000101010100011
01010101100100001000101100101000110101111010110100111000100000001111000101001100011
01000001100100000000100000110000111101111000111100111001100000001011000101000100000
00010001100100001000001111000110101111111110110101011001110100100111100101010101011
00010001100100010000001111000000100111111110110100011001110000001111100101000101011
01000001110100000000000011000000100101111010111100111001110000001011100101000101000
10011000000000000000001100100000111111110110110000111000100100101100000001000001011
10000101100000000000100000111000111001111110010000011001100000000011000101001100000
00101000011100000010100110010000100001111100110100001000100000001111000101000100001
00111000001010000000001111000110100111111110100001011000110000000110100101010101011
00010111100100010000001111001000100011111110110100001001110000000111100101001101011
01010111100100000011011111001000100111110010100100111100100000011110000001001001011
00000000000000000100000000100000111101111100010000111001100000010011000101000101000
00100101100100000100100100011000111001111110010100011000010000011111100101001101001
01000001100100000000100000100000100101111000111100111000100000001011000101000100000
01100001100100000000100100100000111101111010110100111001000000001111000101000100001
00010111100000001010001111001100101111110110100000011000110000000100100101011001011
00010001100100000000001111000000100001111100110100001001110000000111100101000101011
11000101100100010000000011001000100101110010111101111001110000001010100101001001000
10110001110100000001011111000000101111111101110110011001000000010111000101000101011
10000011100100000000000000001000110101111110110100111000110000001011100101001101000
00100111100110000000001111001001101001111110110101001001110000001110100101001101011
00011000001100000000001111000000100111111100110100011001110000000111100101000101011
00000111100100000000000011001000100101111110110100011001110000001011100101001101000
00011000011100000010001111000110100111110100000101011000010000000111100001010001011
00010111100000010000001111001000100111111110110000011000110000001111100101001101011
01000001110100000000000011000000100001111000111100001001110000001011100101000101000
00110001100010000000001111000110100111110100100001011000010000001100100001010001011
00010001100000010000001111000000100011111110110000001000110000000111100101000101011
00001000011100000000000011000000100001111110110100001001110000001011100101000101000
01010001100000000000001111001100101011111000110001001000110100101111100101010101011
01010001100100001000001111000000100011111010110100001001110000001111100101000101011
01000101100100000000000011001000100101111010111101111001110000001010100101001101000
00110001100100000001011111000000101111111100110100011001000000010111000101000101011
00000001100100000100000000000000110101111110110100111000110000011011100101000101000
00110000010010000000001100000000100111111100000000011000110000000110100101000101011
00000111100100000000100000001000100001111110110100001001110000000011100101001100000
00101000001100000000100100000000100101111100110100011001010000001111100101000100001
00111000010010000000001111001101100111110110110001011000110100101100100001010001011
00010111100000000000001111001000100011111110110000001001110000000111100101001101011
00001000001100000000000011000000100001111100110100001001110000001011100101000101000
00010111100000010000001111101100100011111110100000001001100000000111000101011101011
00011000011100000000001111000000100001111100110100001001110000001111100101000101011
00011000011000000000011111000000100111110110010000011000100000010100000101000001011
00000111100100000100000000001000110001111110010100011001110000010011100101001101000
00101000011100000100100100000000100101111100110100011001010000011111100101000101001
00010111100100000000001111001100100011111110100100001000110000000111100101011101011
00011000001100000000001111000000100101111100110100011001110000001111100101000101011
00011000010000000000101100000000100111111100010000011001110100101110100101000100011
00110001110110000000001111000111100111110100110101011000111111100111111101010001011
00010111100100010000001111001000100111111110110100011101110100101110100101001101011
00000000011100000000000011000000100101111100010100011001110000000011100101000101000
00100111100100000001010111001000100101111110110100011001000000011111000101001101001
01000001100100000100010000000000110101111000111100111000110000011011100101000101000
00110101100100000000001111001000100011110110110100001101110000001111100101001001011
01000000001100000000000011000000100101111000011100111001110000001011100101000101000
01100111100100000001010111001000101101111010110100111001000000011111000101001101001
00000001100100001000100000000000100001111110110101001100110000000011100101000100000
00111000001100000000101100000000100111111110010100011001010000001111100101000100011
00100101100110010000001111001001101001110110110101001001110000000110100001001001011
00011000011000000000001111000000100111111100110000011001110000000111100101000101011
10011000001100000000001100100100100111111110010101011000101111100110011101010101011
10010111100100000000101100101000110111111110110100111101100100100110000101001100011
00000000001100000000100000010000111101111100010100111001110000000011100101000100000
00100111100100000010100110001000101101111110110100011000010000001111100101001100001
01000001100100000000000011000000100101111000111100111000110000001011100101000101000
01000000010100000010100010101000101001110000011100001000100000001011000001000000000
01100111100000001001010111001000100101111010110000111001000000011111000101001101001
01000001100100000100010000000000111001111000011100111000110000011011100101000101000
01101000011100000100100100100000101101111010110100111001000000011111000101000101001
01000111100100000000100000001000111101111010111100111000110000001011100101001100000
01000111100100010000100000001000101101110010100101111100110000001011100101001000000
01110000010100000000101100100000101111111000010100111001000000001111000101000100011
00110001100000000111011100000000101111111100100000011000110000011110100101000101011
00000001100100000100100000000000100001111110110100001001110000010011100101000101000
00010111100000000000001111001000101111111110110000011101110000000111100101001101011
00000000001100000000000011000000100001111100010100001001110000001011100101000101000
00000101100100010000100000001000100101110110100101011000010000000011100101001000000
00110001110100000000101100000000100111111100110100011000010000001111100101000100011
01000011100100000000100000001000100101111010111100111000110000001011100101001100000
00110101100100010000001111001100101111110110110101011000110100100111100101011001011
00010001110100000000001111000000100111111100110100011001110000001111100101000101011
00110001110110000000001111000110100111111100110101011000110000000111100101010101011
00010011100100010000001111001000100111111110110100011001110000001111100101001101011
00010111100000000000001111011000101111111110110000011000100100101111000101001101011
01000001100100000000000011000000100001111000111100001001110000001011100101000101000
01100001100100000001010111000000100101111010110100111001000000011111000101000101001
00001000001100000010000011000000101001111100100100001000110000001011100101000101000
01000101100100010000100000011000110101110010111100111101110000001010100001001000000
00100000010000000010100110000000101101111100010000011000010000000111100101000100001
00000111100100000000000011001000100001111110110100001000110000001011100101001101000
00011000000000000000001111000000100111111100110000011001110000000111100101000101011
00000101100100000000000011001000100001111110110100001001110000001011100101001101000
00010001100100000010001111001110101111110110110101011000110000000110100001010001011
00010001100000010000001111000000100111111110110000011001110000000111100101000101011
00000001110100000000000011000000100001111110110100001001110000001011100101000101000
00010001100100000000001111001100100011110100110101001001110100100110100001010001011
00011000001000001000001111000000100111111110110000011001110000000111100101000101011
00110111100110000000001111001000100011110110100101001000110000001110100101001001011
00011000010000000000001111001000100001111100110001001001110100101111100101000101011
01010111100100001000001111001000100011111010110100001001110000001111100101001101011
00000101100100010110000000001000110001110110000101011100110000010010100101001001000
00111000011100000100101100100000100111111100010100011001000000010111000101000101011
00000111100100000000100000001000110101111110110100111000110000001011100101001100000
00010000000100000000101100100010100111110110000100011001000000000110000101000000011
00000101100100010000100000001000110101111110110100111000110000000011100101001100000
00100001110100000000100100100000101101111100110100011001000000001111000101000100001
01000011100100000000100000001000110101111010111100111000110000001011100101001100000
00010001100000000000001111001100100111110110100000011001010000000100100001010001011
00010001100000000000001111000000100001111110110000001000110000000111100101000101011
00001000001100000000000011000000100001111110110100001001110000001011100101000101000
01000000010000000000100000100010110001111010011001111001100000001011000101000100000
01110111100100010000101100111000111011111010010100111000000000001111000101001100011
01000001110100000000100000110000111101111000111100111000100000001011000101000100000
01100011100100000010100110111000101101111010110100111000000000001111000101001100001
01000001100100000000000011100000101101111000111100111000100000001011000101000101000
00110001100000000010101110001100100111111110110001011100110100101111100101010100011
01010000001100000000001111000000100011111010010100001001110000001111100101000101011
00011000011100000010001111000010101111111110000100011000010000000111100101000101011
00000111100100010000000011001000100101111110110100011000110000001011100101001101000
01100001110100000001010111000000100101111000110100111001000000011111000101000101001
01000011100100000100010000001000111101111010111100111000110000011011100101001101000
00011000010000000011001111010100100111110110110000011000000000000100000101010001011
00010111100100000000001111001000100001111110110100001000110000000111100101001101011
00001000001100000000000011000000100101111100110100011001110000001011100101000101000
00010001100100000000001111000110101111111100110101011000110000000111100101010101011
00011000010100000010001111000110100111110100000101011000010000001110100001010001011
00010111100000010000001111001000100111111110110000011000110000000111100101001101011
00000001110100000000000011000000100001111100110100001001110000001011100101000101000
00010000001000000000001111000100100111111100010001011001110100101110100101010101011
00010111100100000000001111001000100011111110110100001001110000000111100101001101011
00111000000010001000001111000100100111111110110001011001010000000110100101010101011
00010101100100000000001111001000100011111110110100001000110000000111100101001101011
01000101100100000010000011001000100101110010100101111100110000001011100101001001000
01110000000100000001011111100000101111111000010100111001000000011111000101000101011
01000101100100000100000000001000111101111010111100111000110000011011100101001101000
00011000010000000000001111000100101111110110010000011001111111100100111101010001011
00010111100100000000001111001000100001111110110100001101110100100110100101001101011
00001000001100000000000011000000100101111100010100011001110000000011100101000101000
00010001110100000011001111001100100111111100110101011000111111100110111101010101011
00010111100100001000001111001000100111111110110100011101110100100110100101001101011
00000000001100000000000011000000100101111100010100011001110000000011100101000101000
00111000001000000100101100000010100111110110110000011000110000010100100101000001011
00000111100100010000100000001000100001111110110100001001110000000011100101001100000
00101000011100000000100100000000100101111100110100011001010000001111100101000100001
00010101100100000000001111001000101011111110110100001100110000001110100101001101011
01000111100100010010000011001000100101110010111101111000110000001010100001001001000
00110001110000000001011111100000101111111100110000011001000000010111000101000101011
00000011100100000100000000001000110001111110010100011000110000011011100101001101000
01100001100100000100100100100000100101111000110100111001000000011111000101000101001

