01000001100000000000100000000000100000100010111000001011110000001011100001100000000
01100001100000000000100100000000100000100010110000001011110000001111100001100000001


11011000001000010011011101000000100110100011000010111011100000011100000001100001011
10000101110000000000000000001000111000100110010000011011110000000011100001101001000
10101000011000000000100100000000100000100100110000001011110000001111100001100000001
01000111100000000000100000001000100000100010111000001011110000001011100001101000000
01100001100000000000100100000000100000100000110000001011110000001111100001100000001
01000001100000000000100000000000100000100010111000001011110000001011100001100000000
01100001100000000000100100000000100000100010110000001011110000001111100001100000001
01010101100100010000001100001100100010100010110100001110110100101111100101111001011
01010000010100000000101100000000100100100000010100111011110000001111100001100000011
01000101100000000000100000001000101100100010111000111011110000001011100001101000000
01100001100000000000100100000000101000100000110000001011110000001111100001100000001
00010101100100000000001100001100100010100110110101001100110000001111100001011001011
01010000001000000000101100000000100110100000010000111001110000001111100001100000011
01000111100000000000100000001000101000100010111000001011110000001011100001101000000
01110111100110000100001100001101000110100010110101111100110100111110100001111001011
00010000000000000100101100100000101110100100010000011011100000010111000001100001011
00000101100000000000100000001000110000100110010000011011110000001011100001101000000
01010001110100000000001100010100110010100010000101101110110000001110100011110001011
00011000011000000000101100000000101110100110010000011011110000000111100001100000011
00000111100000000000100000001000100000100110110000001011110000001011100001101000000
10000001110100000100010000001000100000100100100101001111110000010011100001100001000
10111000001000001100101100000000100110100110010000011011010000011111100001100001011
01000101100000000000100000001000100000100010111000001010110000001011100001101000000
10010001100100010000001100011100110110100110110100111110110000000110100001110001011
10010000011000000000101100000000101100100110010000011011110000000111100001100000011
00010000010000010000001100000110110110100110010001111000110100100111100101110001011
00010111110100010000101100101000101010100110110100001011100000001111000001101000011
01000001110000000000100000000000100100100000111000111011110000001011100001100000000
01100001100000000000100100000000101000100010110000001011110000001111100001100000001
10011000011100001100001100000110100110100110100101011001110000011111100101010001011
11010111100100010100101100001000100110100010110100111001110000011111100001101001011
01000001110000000000100000000000101100100000111000111011110000001011100001100000000
00010001100100000000001100001100000010100100100100001101110000001111100101010001011
01010000001100001000101100000000000100100010010100111001110000001111100001100000011
01000111100000000000100000001000101100100010111000111011110000001011100001101000000
01100000001110010000101100001001000100100010010101111001110100101111100101100000011
01010111110100000000101100001000101110100010110100111011110000001111100001101000011
01000001100000000000100000000000101100100000111000111011110000001011100001100000000
00000001100000010000000000001000101100100110110000011011110000000011100001100001000
00100001110000000000100100000000100000100110110000001011110000001111100001100000001
11010111100000001000101100001100010110100010100001111001010000001111100101111000011
01010001100100000000101100000000101010100000110100001010110000001111100001100000011
01000001100000000000100000000000100100100010111000111011110000001011100001100000000
00010111100100000000001100001100111010100110000101011011110000000110100101111001011
00011000011100000000101100000000100110100100110100011011110000000111100001100000011
00000111100000000000100000001000100100100110110000011011110000001011100001101000000
00110101110110000000101100011001110010100110010101011011110000000110100101101000011
00010101100100010000101100001000101110100110110100011010110000000110100001101000011
00000001110000000000100000000000100100100100110000011011110000000011100001100000000
00100001100000000000100100000000100000100110110000001011110000001111100001100000001
00000111110100000000100000001000110100100110100101111111110000001011100101101000000
01110000001100000000101100000000101110100000010100111011010000001111100001100000011
01000101100000000000100000001000101100100010111000111010110000001011100001101000000
01010111100100000000101100001100110110100010100101111111110000001110100111111000011
00010000000100000000101100000000101110100100010100011011110000000111100001100000011
00000101100000000000100000001000100100100110110000011011110000001011100001101000000
00000001100100010001000011000010100000100110110101001111110000001010100001100001000
00111000011000010001011111000000100110100110010000011011000000010111000001100001011
00000111110000000100000000001000110000100110010000011010110000011011100001101001000
01100001100000000100100100000000100000100000110000001011110000011111100001100001001
01010000000000000000101100000010100110100000010001111000010000001111100101100000011
01010101100100010000101100101000101010100010110100001010100000001111000001101000011
00010001100100000000101100101000100110100110110100011011100100100110000001100000011
00000001100000000000100000000000110100100110110000111011110000000011100001100000000
00100001100000000000100100000000101000100110110000001011110000001111100001100000001
01010001100100000000101100000100101110100010110101111000010000001110100101110000011
00010001100100000000101100100000101110100110110100011010100000000111000001100000011
00000001100000000000100000000000110100100110110000111011110000001011100001100000000
00100001100100000000100100001000101000100110100101001111110000000110100101100000001
00011000001100000000101100000000100110100110010100011011110000000111100001100000011
00000000000100000000100000001000111100100100000101111010110000000010100111100000010
00110101100100001000101100001000101110100110110101011011010000000111100001101000011
00010001100000000000101100000000100110100100110000011010110000001111100001100000011
00010111100100010011011111001100100110100110110101011110100000011111000101111001011
01010000011100000100001100000000110110100000010100111011110000011111100001100001011
01000111100000000100100000001000101100100010111000111011110000011011100001101001000
00011000001100000001011101001100100110100100010101011011100100110111000101110001011
00010101100100001100001100001000110110100110110100111011110000011111100001101001011
01000001100000000100100000000000101100100000111000111011110000011011100001100001000
11011000000000010001011111001100101110100010110011111011100100111111000101110001011
11010101110100000100001100001000111010100010010100111011110000011111100001101001011
11000001100000000100100000000000101100100000111000111011110000011011100001100001000
01010001100100010001011101000110111110100010110101111011100100111111000011110001011
01010001110000010100001100010000111110100010110000111011110000011111100011100001011
01000001110000000100100000000000101000100010111001001011110000011011100001100001000
01110001100000000000101100000000100010100010110000001011110000001111100001100000011
00010111110100010000101100001100101110100110110101011111110100100110100001111000011
00010000011000000000101100000000100110100100010000011011110000000111100001100000011
01010111110100000100101100001100101010100010100101001011110000011110100001111000011
00011000000000000000101100000000100110100100110000011011110000000111100001100000011
00000101100000000000100000001000100000100110110000001011110000001011100001101000000
10000111100100010000000000001000100000100110110101001010110000000011100001101001000
10111000011000000000101100000000100110100100110000011011010000001111100001100000011
01000111100000000000100000001000100000100010111000001010110000001011100001101000000
00010001100100000110101100010100110110100100110101111000110100110111100111110001011
00010001100100000000101100000000101110100110110100011011110000001111100001100000011
11010111100100010000001100001100000010100010100101001001110000001111100101011001011
11010001110100000000101100000000000110100000110100111001110000001111100001100000011
01000011100000000000100000001000101100100010111000111011110000001011100001101000000
01010111100100010000101100001100000110100010110101111101110000001110100101111000011
00010000010100000000101100000000101110100100010100011011110000000111100001100000011
00010001100100000010101100001100001110100100110101011101110100101111100001010000011
01010000001000001000101100000000000110100010010000111001110000001111100001100000011
00110111100000010000001111001000101110100110110000011011110000000110100101101001011
00000001110100000000000011000000100000100100110100001011110000000011100001100001000
00101000001000000001010111000000100100100110110000011011000000011111000001100001001
01000101100000000100010000001000110000100010011000111010110000011011100001101001000
01101000011000000100100100000000101000100000110000001011110000011111100001100001001
01010000010100010000001100000100100110100010000101111010110000001111100101110001011
01010101110100000000101100001000101110100010110100111011110000001111100001101000011
01110001100100000010011101001100100110100010110101111101100000011110000001010001011
00010000000000000100001100000000111110100110010000111001110000010111100001100001011
00000101100000000100100000001000101000100110110000001011110000011011100001101001000
01110001100110010100101100001100101110100010100101111100110000011111100001110001011
01010000010000000000101100100000101110100010010000111011100000001111000001100000011
01000101100000000000100000001000111000100010011000111011110000001011100001101000000
00010000011100010000001100000110010110100110010101111000110100101110100101110001011
00010111110100010000101100101000101110100110110100011011100000000111000001101000011
00000001110000000000100000000000110100100100110000111011110000001011100001100000000
00010000010000000000101100001000100110100100010000011011110000000100100001100000011
00000101100000001000100000001000100000100110110000001011110000000011100001101000000
00101000001000000000100100000000100000100100110000001011110000001111100001100000001
01000101100000000000100000001000100000100010111000001011110000001011100001101000000
00110111110110000000101100001000101010100110100101001011110000000111100101101000011
00011000001100000000101100000000100110100100110100011011110000001111100001100000011
01000101100000000000100000001000100100100010111000111011110000001011100001101000000
01010011100100000000011111001000100010100010110101001001100100111111000001001001011
01011000000000000100001100000000100110100000110000111001110000011111100001100001011
01000101100000000100100000001000101000100010111000001011110000011011100001101001000
00010101100100010011011100001100101010100110100101001010110000000111100101111001011
00011000011100000000101100000000100110100100110100011011110000001111100001100000011
01000111100000000000100000001000100100100010111000111011110000001011100001101000000
00110001100010010000001100001100101110100110100001011010110000001111100001110001011
01010001110000000000101100000000100010100010110000001011110000001111100001100000011
01110101100100000000001100001000101010100010110101001111110000001110100101101001011
00011000000100000000101100000000100110100100010100011011110000000111100001100000011
00010101110000010000101100001100100010100110110000001011110000000111100001111000011
00011000011000000000101100000000100000100100110000001011110000001111100001100000011
01010111110100000001011100001100100010100010100101001110110000001111100001111001011
01011000000000000000101100000000100110100000010000111011110000001111100001100000011
01000101100000000000100000001000101000100010111000001011110000001011100001101000000
00111000011010000000001100000011110110100110110001111011110100100111100011100001011
00010111100000010000101100001000101010100110110001001011110000001111100001101000011
01010001110000000000101100000000100010100000110000001011110000001111100001100000011
01000001100100000001000011000000100000100010100101001011110000001011100101100001000
01110001100100000001011111000000100110100010110100111011000000011111000001100001011
01000001100000000100000000000000111100100010111000111010110000011011100001100001000
01100001100000000100100100000000101000100010110000001011110000011111100001100001001
00010001100100000010101100001000110110100110110100111011010000000110100001100000011
00000001100000000000100000000000101100100110110000011010110000000011100001100000000
10010101100000000001001100001100101010100110100001001010110000001111100001111001011
11010001100000000000101100000000100010100000110000001011110000001111100001100000011
00010111100000000000001111011000100110100110100000011010100000001100000101101001011
00000001100100000000000011000000100000100100110100001011110000000011100001100001000
00110111100000010010001111001000100010100110110000001110110000001111100101101001011
01000000011100000000000011000000100000100000011100001011110000001011100001100001000
01100111100000000001010111001000100100100010110000111011000000011111000001101001001
01000001100000000100010000000000111000100000011000111010110000011011100001100001000
01101000011000000100100100000000101000100010110000001011110000011111100001100001001
01010111110000010100001100001000100110100010110001111011110100111111100001101001011
01010001110000000100101100000000101010100000110000001011110000011111100001100001011
01010111100100000000101100001100110110100010100101111111110000001110100011111000011
00010000000000000000101100000000101110100100010000011011110000000111100001100000011
01010000011100000000101100010100110110100000010101111000010000001111100111110000011
01010111100100000000101100001000101110100010110100111010110000001111100001101000011
00100001100110010000101100001010101100100110100101011111110000001111100101100000011
01010000011100010000101100000000100110100010010100111011110000001111100001100000011
01000111110000000000100000001000101100100010111000111011110000001011100001101000000
10110111110110010000101100011000110110100110100101111010010000000111100101101000011
00010001110100000000101100000000101110100100110100011010110000001111100001100000011
11100101110000000100000100001000100100100010110000111010110000011100100101101001001
10000001100100000100100000000000101000100100110100001011110000010011100001100001000
00101000001000000000100100000000100100100110110000011011010000001111100001100000001
11010001100100010000101100001100110110100010110101111111110100101110100101110000011
00010000010100000000101100000000101110100110010100011011110000000111100001100000011
00010101100100010000101100001100010110100110110100111100110000000110100001111000011
00010000011000000000101100100000101100100100010000011011100000000111000001100000011
00000111100000000000100000001000110000100110010000011011110000001011100001101000000
00100000000100001000100100000000101000100110010101001010110000001111100101100000001
01010101100100000000101100001000100110100010110100111011110000001111100001101000011
11010101110100000000001100001100100010100010110101001010110100101110100001111001011
10011000000000000000101100000000100110100100110000011011110000000111100001100000011
00000001100100000000000011001000101000100110110101001011110000000011100101100001000
00111000001100000001011111000000100110100110110100011011000000011111000001100001011
01000101100000000100000000001000110100100010111000111010110000011011100001101001000
01100001100000000100100100000000101000100000110000001011110000011111100001100001001
00000001110100010011010011011010101100100110110101011110100000010010000001100001000
00110000011000010111011100000000110110100110010000111011010000010111100001100001011
00000111110000000100100000001000101000100110110000001010110000011011100001101001000
01010111100000000100101100001100100010100010110001001010110100111111100001111000011
01010001100000000000101100000000100010100000110000001011110000001111100001100000011
00000111100100010000100000001000101100100110110101011111110100100011100001101000000
00110000011000000000101100000000100110100100010000011011110000001111100001100000011
00011000000000000000101100000010100110100110010000011011010000000111100001100000011
00000101100000010000100000001000100000100110110000001010110000001011100001101000000
01100001110000000000100100000000100000100000110000001011110000001111100001100000001
00000111110100010010000011001000100100100110110101011110110000001010100101101001000
00110000011100000001011111000000100110100100010100011011000000010111000001100001011
00000111100000000100000000001000110100100110110000111010110000011011100001101001000
00010101110100000010001100001000100110100110100101011111110000001110100101101001011
00010000001100000000101100000000100110100100010100011011110000000111100001100000011
00110111100100000001011101001100100010100110110100001001100100111111000001011001011
01011000001000000100001100000000100100100000110000111001110000011111100001100001011
01000111100000000100100000001000101000100010111000001011110000011011100001101001000
01110111100100010000101100001100100110100010110100111000110100101111100101111000011
01010001110100000000101100100000101100100000110100111011100000001111000001100000011
01000001100000000000100000000000111100100010111000111011110000001011100001100000000
01010000010000010100001100001110101110100010100000111000010000011111100101110001011
01010111110100010100101100101000101000100010110100001010100000011111000001101001011
00010111100100000001011111001100001110100110100101011101100000010110000001011001011
00010000001000000100001100000000010110100100010000111001110000010111100001100001011
00000111100000000100100000001000101000100110110000001011110000011011100001101001000
00011000000100000000101100100110111110100100010101111011100100100111000101110000011
00010101100100010000101100011000111110100110110100111011110000001111100001101000011
00011000000000000000101100000000110110100110010001111000010000000100100111100000011
00010101100100000000101100001000101010100110110101001010110000000111100001101000011
00011000001000000000101100000000100110100100110000011011110000001111100001100000011
01100001100100000101010100000010100100100000110101111100110000011111100001100001001
01010000000000010100101100100000101110100010010000111011100000011111000001100001011
01000101110000000000100000001000111000100010011000111011110000001011100001101000000
00010000000000000000001100000110111110100110110000111010111111100110111111110001011
00010101100100010000101100001000101000100110110101001111110100100110100001101000011
00011000011000000000101100000000100110100100010000011011110000000111100001100000011
00010001110100010000101100001110100110100110110101011110110100100110100001110000011
00010000011000010000101100000000100110100110010000011011110000000111100001100000011
00000111110000000000100000001000100000100110110000001011110000001011100001101000000
00000111100100000000000000001000100100100110100100011111110000000010100101101001000
00100000001100000000100100000000100100100100010100011011010000000111100001100000001
00000101100000000000100000001000100100100110110000011010110000001011100001101000000
01110001100110000000101100001111010110100010110101111100110100101111100001110000011
01010000000000010000101100100000101110100010010000111011100000001111000001100000011
00110111100010010000011111101001101110100110110001011110100100110111000101101001011
00010000011100000100001100000000110010100100010100011011110000011111100001100001011
01000111100000000100100000001000100100100010111000111011110000011011100001101001000
00000001100100000000000011001010100000100110110101001011110000001010100001100001000
00111000001000010001011111000000100110100110110000011011000000010111000001100001011
00000101110000000100000000001000110000100110010000011010110000011011100001101001000
00010001100000000000001100000000101110100110110001011010010000000111100101100001011
00010001100100000000101100000000100010100110110100001010110000001111100001100000011
01010000001000010000001100001010001110100010010000111000110100101110100101100001011
00000111110100010000100000101000101000100110110100001011100000000011000001101000000
00101000011000000000100100000000100100100100110000011011010000001111100001100000001
00100011100110000100101100101000101100100110110101011110100000010111000101101001011
00010000001100000000101100000000110110100100010100111011110000001111100001100000011
01011000011100000111011100001100100110100000100100111010010000011111100101110001011
01010111100100001100101100001000101100100010110100111010110000011111100001101001011
01010000011100000000001100000100011110100000010100111001110000001111100101110001011
01010111100100000000101100001000101100100010110100111011110000001111100001101000011
01110001100100000100101100000110100010100000100101001100110000011111100101010001011
01010000000100010000101100000000100110100010010100111001110000001111100001100000011
01000101110000000000100000001000101100100010111000111011110000001011100001101000000
10010000011000000000101100000100011110100100010001111000110100101111100101110000011
01010111100100000000101100101000101010100010110100001011100000001111000001101000011
01000001100000000000100000000000100100100000111000111011110000001011100001100000000
01010000000100000000101100000010100110100010000100111011110000001110100001100000011
00000101100000010000100000001000101100100110110000011011110000000011100001101000000
00100001110000000000100100000000100000100100110000001011110000001111100001100000001
10000111100100010000100000001000100100100110110101011111110000001011100101101000000
01110000011100000000101100000000100110100000010100111011010000001111100001100000011
01000111100000000000100000001000101100100010111000111010110000001011100001101000000
01000001110100000000100000001000101000100010111101001011110100101010100001100000000
00111000000000000000101100000000100110100110110000011011110000000111100001100000011
01110101100100000000101100001100101010100010100101001101110000001111100001011000011
01010000000000000000101100000000100110100000010000111001110000001111100001100000011
01010111100100000000101100011100010010100010010101111000010000001111100111111000011
01010001100100000000101100000000101110100000110100111010110000001111100001100000011
01000001100000000000100000000000101100100010111000111011110000001011100001100000000
00010111100000010000001100001100110010100110010000001110110000000111100101111001011
00011000011100000000101100000000100000100100010100001011110000001111100001100000011
00010001110100000000001100000110100010100100110101001111110100100111100101110001011
00011000001100010000101100000000100110100110010100011011110000001111100001100000011
01000101110000000000100000001000100100100010111000111011110000001011100001101000000
00011000010100010000101100001110101110100110100100011011110000000111100101110000011
00010101110100010000101100001000100100100110110100011011110000001111100001101000011
01010101100100000000101100001100100110100010110101111110110100101111100101111000011
01010000000100000000101100000000101110100000010100111011110000001111100001100000011
00011000000100010100001100000010011110100110010100111001110000010111100001100001011
00000101110000010100100000001000101100100110110000011011110000011011100001101001000
01010001110000000000101100001100101110100010110001111110110100101111100101110000011
01010000000100000000101100000000101010100010010100001011110000001111100001100000011
01010001100100010000101100000100000110100010110101111000110100101111100101110000011
01010001110100000000101100100000101110100010110100111011100000001111000001100000011
00010000011100000001001100001100101110100100110101011011110100100111100101110001011
00010111100100001000101100001000100110100110110100011011110000001111100001101000011
01010001100100010000101100001110101010100010110100001010110100101110100101110000011
00011000010100010000101100000000100100100110110100011011110000000111100001100000011
00000101110000000000100000001000100100100110110000011011110000001011100001101000000
00010001100100000000101100001000101010100100110101001111110100100110100001100000011
00011000001000001000101100000000100110100110010000011011110000000111100001100000011
00010101110100010000101100001100101110100110110101011010110100100111100001111000011
00010001110000000000101100000000100110100100110000011011110000001111100001100000011
00011000000100000000101100011110010110100110010101111000010000000111100001110000011
00010101100000010000101100101000101110100110110000011010100000001111000001101000011
01000001110000000000100000000000110000100000011000111011110000001011100001100000000
00110000010110001000101100000001111100100110010101111011110100100110100111100000011
00010101100100000000101100001000101110100110110101011011110000000111100001101000011
00010001100000000000101100000000100110100100110000011011110000001111100001100000011
00010000001000010000001111000010101110100110010000011010110100100111100101100001011
00000101110100010000000011001000100000100110110100001011110000001011100001101001000
01100001110000000001010111000000100100100000110000111011000000011111000001100001001
01000001100000000100010000000000111000100010011000111010110000011011100001100001000
00111000011010010000001100000100110110100110010000111000010000001110100011110001011
00010111110000000000101100001000101000100110110001001010110000000111100001101000011
00011000001000000000101100000000100010100100110000001011110000001111100001100000011
10110001100110000000001100001100100010100100110101001010110000001110100001110001011
10011000001000001000101100000000100110100110110000011011110000000111100001100000011
01011000010000000000001100000010111000100000010001111011110000001111100011100001011
01010101100000010000101100001000101010100010110001001011110000001111100001101000011
00010000011100000001011101000110111110100110010101111000100100111111000011010001011
01010111100000010100001100011000111110100010110000111001110000011111100011101001011
01000001110000000100100000000000101000100000111001001011110000011011100001100001000
10000111110100010010100000001000101000100110110100001011110100100011100101101000000
00101000011100000000100100000000100100100100110100011011110000001111100001100000001
01110111100010000000001100001100110110100010100001111111110000001111100101111001011
01010000000100000000101100000000101010100000010100001011110000001111100001100000011
00010001100000000000001100000100101010100110110001001111110100100111100001110001011
00011000001000000000101100000000100010100110010000001011110000001111100001100000011
00110111110100000000001100001100111110100110110101111111110000000111100111111001011
00010000001100000000101100000000101110100100010100011011110000001111100001100000011
00110111100010010000101100001100110010100110000001011011110000001111100111111000011
01010001110100000000101100000000100010100000110100001011110000001111100001100000011
01010101100000000000101100001100100010100010110001001110110100101111100101111000011
01010000000100000000101100000000100010100000010100001011110000001111100001100000011
00001000001000000111010000001000100100100110000001011010010000010011100101100001000
00110101100100000100101100001000100010100110110100001010110000011111100001101001011
01010111100100010000101100001100100010100010110101001111110000001111100001111000011
01010000010000000000101100000000100110100000010000111011110000001111100001100000011
01010101100100000000101100001100010110100010110101111101110100101110100001111000011
01010111100000010000001111001000100110100010110000111011110000001100100101101001011
00000001110100000000000011000000101000100100110100001011110000000011100001100001000
00010001100100000011011111000110100110100100110100011100100000010110000001010001011
00010000001000010100001100000000110100100110010000111001110000010111100001100001011
00000111110000000100100000001000101000100110110000001011110000011011100001101001000
00110001100110010000011101001100100110100110110101011100100000011110000001010001011
00010000011000000100001100000000110110100110010000111001110000010111100001100001011
01011000010000010000001111001000101110100010110000111011110000001100100101100001011
00000101110100000000000011001000101000100110110100001011110000000011100001101001000
00101000001000000001010111000000100100100100110000011011000000011111000001100001001
00100001110000010010100100000000101000100110110001001111110100101111100001100000001
01010000011000000000101100000000100010100010010000001011110000001111100001100000011
00100001100010010000001100001001100100100110110001011011110000000111100001100001011
00010001110000000000101100000000100010100110110000001011110000001111100001100000011
00110000000010010000101100000110100010100110010001001010110000001111100101110000011
01010101110100010000101100001000100010100010110100001011110000001111100001101000011
00110001100100010000101100010100110010100110010101001110110100100111100101110000011
00011000011100000000101100000000100110100110010100011011110000001111100001100000011
01000001100100010000000011001000101000100010111101001110110000001010100101100001000
00111000010100000001011111000000100110100110010100011011000000010111000001100001011
00000101100000000100000000001000110100100110110000111010110000011011100001101001000
11010111100100000011011111101100100010100010110110001110100100111111000101111001011
11011000000100000100001100000000100100100000010100111011110000011111100001100001011
11000101100000000100100000001000101100100010111000111011110000011011100001101001000
00010001100000010000001100001010111110100110100000111011110000001100100111100001011
00000001110100010000100000000000101000100110110101001011110000000011100001100000000
00111000011000000000101100000000100110100110110000011011010000001111100001100000011
00110111100100000011001100001100100110100110110101011111110000000110100001111001011
00010000001000000000101100000000100110100100010000011011110000000111100001100000011
00000001100100000000000011000010101100100110100100011111110000000010100101100001000
00100000001100010001010111000000100100100110010100011011000000010111000001100001001
00000101110000000100010000001000110100100110110000111010110000011011100001101001000
00101000010010000000101100010011010100100100010001111000110100101100100011100000011
00010111100000010000101100001000101010100110110001001011110000000111100001101000011
00011000011000000000101100000000100010100100110000001011110000001111100001100000011
10011000011100000100001100011110011110100110100101111000010000011111100101110001011
11010111100100010100101100101000101110100010110100111010100000011111000001101001011
01000001110000000000100000000000111100100000111000111011110000001011100001100000000
00110111110100010011011111011100101010100110110101001010100000011110000001111001011
00011000011000000100001100000000100110100100110000011011110000010111100001100001011
00000111100000000100100000001000100000100110110000001011110000011011100001101001000
10010001100100001000101100001100100010100110100101001010110000000111100001110000011
00011000001000000000101100000000100110100110110000011011110000001111100001100000011
00110101100100010001011101001100101010100110110101001010100100110111000001111001011
00011000011000000100001100000000100110100100110000011011110000011111100001100001011
01000111100000000100100000001000100000100010111000001011110000011011100001101001000
11010111100000001100001100001000100110100010110001111010110000011111100101101001011
11010001100100000100101100000000101010100000110100001011110000011111100001100001011
01010001110100010000101100001000101110100010110100111001010000001110100001100000011
00000011110000000000100000001000101100100110110000011010110000000011100001101000000
00100001100000000000100100000000100000100100110000001011110000001111100001100000001
10101000011000000000000100001000110100100100000001111000010000000111100101100001001
10010111100100001000101100101000101010100110110100001010100000001111000001101000011
00110001100000000000001111000000100110100100100000011010110000000111100101100001011
00000001100100000000000011000000100000100110110100001011110000001011100001100001000
01100001100000000001010111000000100100100010110000111011000000011111000001100001001
10000111100100010000100000001000100000100110100101001110110000000011100001101000000
00111000011000000000101100000000100110100100010000011011010000001111100001100000011
00000001100100010000100000000010100000100110110101001111110000001011100101100000000
01110000011100010000101100000000100110100010010100111011010000001111100001100000011
01000111110000000000100000001000101100100010111000111010110000001011100001101000000
00010111100100000000001100001100100110100110100101011111110000000110100001111001011
11010001100100010000001100101110101110100010100101111111100000001110000101110001011
10010000010100010000101100000000111110100110010100111011110000000111100001100000011
00000101110000000000100000001000101100100110110000011011110000001011100001101000000
00011000001000010000101100001010101110100110110000011011110000001100100001100000011
00000101110000010000100000001000100000100110110000001011110000000011100001101000000
00101000011000000000100100000000100000100100110000001011110000001111100001100000001
00110101100110010000101100001000100010100110110101001111110000000110100001101000011
01000000000000001000000000000000101000100010011001001010110000001011100101100001000
01110101100100000000101100001000100010100010110100001011110000001111100001101000011
01010101110100010001011111001100100010100010110101001110100000011110000001111001011
00011000010000000100001100000000100110100100010000011011110000010111100001100001011
00000101100000000100100000001000100000100110110000001011110000011011100001101001000
00111000010110000000101100000111011110100100010101111000110100100110100101110000011
00010111100100010000101100101000101110100110110100011011100000000111000001101000011
00010101100000000010001111001000101000100110100000001010110000000111100101101001011
00001000001100000000000011000000100000100100110100001011110000001011100001100001000
01100101100000000001010111001000100100100010110000111011000000011111000001101001001
10010101100100000110001100001100001110100110110101011100110100111111100001011001011
11010000001000000100101100000000000110100000010000111001110000011111100001100001011
01010101100100010000101100001100101010100010110101001010110100101111100101111000011
01010001110100000000101100000000100110100000110100111011110000001111100001100000011
01010111100100010111011100001100100010100010110101001011110100111111100001111001011
01011000010000000100101100000000100110100000110000111011110000011111100001100001011
00010001100000010010001100001110011110100110100001111101110000000111100111110001011
00010000011100010000101100000000101010100110010100001011110000001111100001100000011
01000111110000000000100000001000100100100010111000111011110000001011100001101000000
00010001100100001010101100001100110110100110110101111111110100100111100001110000011
00010000001000000000101100000000101110100110010000011011110000001111100001100000011
01000101100100000000000000001000101100100010111100111110110000001010100001101001000
00100000000000000000100100000000101100100100010000011011010000000111100001100000001
00000101100000000000100000001000100000100110110000001010110000001011100001101000000
01010001100000010000101100001000111110100010110000111010110000001100100101100000011
00000001110100000000100000000000101000100110110100001011110000000011100001100000000
00010111100100000100101100011100110010100110010100001110110100110111100001111001011
00011000011000000000101100000000100100100100010000011011110000001111100001100000011
00110111100110000000101100001100101010100110110101001101110000001111100101011000011
01010000001100000000101100000000100110100000010100111001110000001111100001100000011
11010000001100000000101100001100101110100010010101111010110100101111100101110000011
01010101100100000000101100001000101110100010110100111011110000001111100001101000011
10010111100100010000001100111100110010100110010100011001100100100111000101011001011
10011000011100000000101100010000110100100100110100111001110000001111100001100000011
00100111100000010000100100001000101000100110110001001010110000001111100001101000001
00010101100100000010011101001100100110100110110101011111100000010110000001111001011
00010000001000000100001100000000110110100100010000111011110000010111100001100001011
00000000011100000000000011001000101100100100010101011011110100100011100001100001000
00110111100000001001011111001000100110100110110000011011100000011111000001101001011
01000001100000000100000000000000110000100000011000111011110000011011100001100001000
00010001100000010011011111001000100100100110110001011000100100111111000101000001011
01010001110100000100001100000000110010100010010100111001110000011111100001100001011
01000011100000000100100000001000101100100010111000111011110000011011100001101001000
00110001100100000000101100000100101010100110110101001010110100101110100001110000011
00011000001000000000101100000000100110100110110000011011110000000111100001100000011
00001000000100001000000011000010101100100110010101011010010000000010100001100001000
00110101100000010001011111001000100110100110110000011010000000010111000001101001011
00000001110000000100000000000000110000100100010000011010110000011011100001100001000
01100001100000000100100100000000100000100010110000001011110000011111100001100001001
01010001100000000000101100000000100010100000100000001011110000001111100001100000011
10010001100000010100101100000000110110100110110000111000110000010110100001100000011
00000001110000000000100000100000101000100110110000001011100000000011000001100000000
00101000001000000000100100000000100000100110110000001011110000001111100001100000001
01100001100110010000101100000001000100100010110101111100110100101111100101100000011
01010000010100000000101100100000101110100010010100111011100000001111000001100000011
01000101100000000000100000001000111100100010111000111011110000001011100001101000000
01000001100100000000000000000000100000100000100101001010110000001011100101100001000
01110001100100000000101100000000100110100010110100111011010000001111100001100000011
01000001100000000000100000000000101100100010111000111010110000001011100001100000000
00010111100000001011001100111100110110100110110000111010000000001111000111111001011
01010001100100000000101100010000111000100000010101111010110000001111100011100000011
01010001100000000000101100000000101110100010110001111011110000001111100001100000011
01010001100000000000101100000000101010100010110000001011110000001111100001100000011
00011000010000000000101100100000100110100100110000011011100000000100000001100000011
00000101100000000000100000001000110000100110010000011011110000000011100001101000000
10110111100100000000101100001000111000100110010101011110110000000111100101101000011
00011000011100000000101100000000100110100100010100011011110000001111100001100000011
00010101100100010000101100001100010110100110110101111100110100100110100011111000011
00010000011000000000101100000000101110100100010000011011110000000111100001100000011
01010111100100001000101100001100001010100010100101001100110000001111100001011000011
01010000000000000000101100000000000110100000010000111001110000001111100001100000011
00101000010100000010100100010000110100100100110101111010110000000110100011100000011
00010101100000000000101100001000101110100110110001011011110000000111100001101000011
00010001100000000000101100000000100010100100110000001011110000001111100001100000011
00010111100000010000001100001100111010100110000001011010010000001111100011111001011
01010001110000000000101100000000100010100000110000001010110000001111100001100000011
01000011100100010010000000001000000000100010111101001100110000001011100101001001000
01010000010100000000101100000000000110100000010100111001010000001111100001100000011
00010111110100010000001100001100100010100110110101001110110000000110100001111001011
01010001100100010000101100000100000010100010100101001001110000001111100101010000011
01010001110100000000101100000000000110100010110100111001110000001111100001100000011
01010001110100000000101100011100110110100000110101111110110100101110100001110000011
00010000000000001000101100000000101110100110010000011011110000000111100001100000011
00110000011100000010001100000110110110100110010101111000110100100110100101110001011
00010101100000000010101100001100101010100110100001001111110000000111100101111000011
00011000001100000000101100000000100010100100010100001011110000001111100001100000011
00010111100100001111001100001100011110100110100100111001010000010111100001111001011
00010001100000000100101100000000101100100100110000011010110000011111100001100001011
00011000000100000001011101011100110110100110000101111010100000010110000011110001011
00010101100000000100001100011000111110100110110000111011110000010111100011101001011
00000001100000000100100000000000101000100100110001001011110000011011100001100001000
00000001100000000100100000001000101000100110110000001010110000010011100101100001000
00101000001100000000100100000000100000100110110100001011110000001111100001100000001
10010001110100000100101100001100101010100110110101001011110000010111100001110000011
00111000010000000000101100000000100110100110110000011010110000001110100001100000011
00000101100000000000100000001000100000100110110000001011110000000011100001101000000
01100001100110010000001100000000100000100010110101001110110000001110100101100001011
00011000010100000000101100000000100110100110010100011011110000000111100001100000011
00000111100100000000000000001000101000100110110101001110110000000010100001101001000
00111000001000000000101100000000100110100100010000011011010000000111100001100000011
01101000000110000100001100000010110000100000010101111011010000011111100011100001011
01010101100000010100101100001000101110100010110001111010110000011111100001101001011
01010001110000000000101100000000101010100000110000001011110000001111100001100000011
00101000010010010000101100001000100100100110110000011011110000001100100101100000011
00000101110100000000100000001000100000100110110100001011110000000011100001101000000
00101000001000000000100100000000100100100100110000011011010000001111100001100000001
00110111100100000000101100111100111110100110110101111101100100100111000001011000011
00010000001000000000101100010000111110100100010000111001110000001111100001100000011
00010001110000000001011101001100111110100100110001111111100000010111000011110001011
00010000001000001100001100010000111010100110010000011011110000011111100011100001011
01000101100000000100100000001000100000100010111001001011110000011011100001101001000
01110001100000000000101100000000100010100000110000001011110000001111100001100000011
00000001100100001000000011001000101000100110110101001110110000001011100101100001000
01110000001100000001011111000000100110100010010100111011000000011111000001100001011
01000101100000000100000000001000111100100010111000111010110000011011100001101001000
00000001110100000010100000000010101100100100100101011111110000001011100001100000000
01110000001000010000101100000000100110100010010000111011010000001111100001100000011
01000101110000000000100000001000101000100010111000001010110000001011100001101000000
00010001100000000000011111000010100110100100100000011011000000010100000101100001011
00000001100100010100000000000000110000100110010100011010110000010011100001100001000
00101000011000000100100100000000100100100110110000011011010000011111100001100001001
01110001110110000000001100000110111010100000010100111111110000001111100101110001011
01010000011100010000101100000000101100100010010100111011110000001111100001100000011
01010111100100000001011100001000111110100010100100111011110000001111100001101001011
00011000011000010000001100000100101110100110110001011011110100100111100101110001011
00010111110100000000101100001000100010100110110100001011110000001111100001101000011
00000111100100010110000000001000110100100110110100111011010000010011100101101001000
00100001110100000100100100000000101100100100110100011010010000011111100001100001001
01000001100000000000100000000000100100100010111000111010110000001011100001100000000
01010101100000001000101100011100110110100010110001111110110100101111100101111000011
00011000001100000000101100000000110110100100010101111011110000001111100011100000011
01010101100000000000101100001000101110100010110001111011110000001111100001101000011
01010001100000000000101100000000101010100000110000001011110000001111100001100000011
01110101100100001000101100001100101010100010100101001110110000001110100001111000011
00011000000000000000101100000000100110100100010000011011110000000111100001100000011
00110000000000010100001100001110100110100110010001011010010000010111100101110001011
00010101110100010100101100001000100010100110110100001010110000011111100001101001011
00110001100100000001011101001110100110100110110100011100100100110110000001010001011
00011000010000010000101100000010111110100110110000111010110000000110100011100000011
00000101110000010000100000001000101000100110110001001011110000000011100001101000000
00111000011000000000101100000000100010100100110000001011110000001111100001100000011
00010001100100000100001100100100101110100110110101011110100100110110000101110001011
00010000001100000100101100000000110110100110010100111011110000010111100001100001011
00000101100000000000100000001000101100100110110000011011110000001011100001101000000
00011000010100000110001100001000110000100110010101001011110100111111100011100001011
01010101100000000100101100001000100110100010110001111011110000011111100001101001011
10110001100100000000101100000110111010100110010101011110110100100110100001110000011
00011000011000010000101100000000100110100110010000011011110000000111100001100000011
00111000000110010000011101001110110110100110110101111011100000011111000101110001011
01010101110100010100001100011000111110100010110100111011110000011111100001101001011
01000001110000000100100000000000101100100000111000111011110000011011100001100001000
00010111100100000011011101101100000010100110110101001001100000011111000101011001011
01011000001100000100001100000000000110100000110100111001110000011111100001100001011
10011000001100000000001100011100011110100100110101111000110100100111100001110001011
10010111100000001000101100101000101110100110110000011011100000001111000001101000011
01000001100000000000100000000000110000100000011000111011110000001011100001100000000
01010000000000000000001100000110000110100010010001111001110100101111100101110001011
01010101100100010000101100001000101010100010110100001011110000001111100001101000011
00100111100100001001010100001000101100100110110101011110110000000111100001101001001
00010000001000000000101100000000100110100100010000011011110000001111100001100000011
00100101100010010000101100001000110100100110100000111000010000001100100101101000011
00000001110100000000100000100000101000100100110100001010100000000011000001100000000
00101000000000000010000100001000110100100100110000111001110100100100100001100001001
00000101100000001000100000001000101000100110110000001011110000000011100001101000000
00110101100100010010001100001100100110100110100101011011010000000111100101111001011
00010001110100000000101100000000100110100100110100011010110000001111100001100000011
00000000010100000000100000000010101100100100110101011010110000000011100101100000000
00110101100100010000101100001000100110100110110100011011010000001111100001101000011
01000001110000000000100000000000100100100000111000111010110000001011100001100000000
11000101100000010000000000001000101100100010100001111110110000001011100101101001000
11110000010100000000101100000000101010100000010100001011110000001111100001100000011
10010111100100000000101100101100101010100110110101001011100100100110000101111000011
00011000001100000000101100000000100110100100110100011011110000000111100001100000011
11110001100110010100001100001011101010100010110101001110110100111111100101100001011
11010000010100010100101100000000100110100010010100111011110000011111100001100001011
00010000000100010000101100001100100110100110110101011010110100101111100101110000011
01010101110100000000101100001000100110100010110100111011110000001111100001101000011
00010000010100010010001100001000100110100110010100011011110100100110100001100001011
00000101110000000000100000001000100100100110110000011011110000000011100001101000000
01010001100100000100101100010100110010100010000101101110110000011110100001110000011
00001000000100010000000000010000110100100110000101111010010000000011100011100001010
00110101110000000010101100001000101110100110110001011010010000001111100001101000011
01010001100000000000101100000000100010100000110000001010110000001111100001100000011
01110101100100000100101100001000100000100010110101001001110000011111100101001000011
01010001100100000000101100000000100110100000110100111001110000001111100001100000011
01001000010100010100000000001010111100100010111101111011110100111011100011100001010
01110101110000010100101100001000101110100010110001111011110000011111100001101001011
01000001100100001000100000000000100100100010111101111111110000001011100001100000000
01110000000000000000101100000000101110100010010000111011010000001111100001100000011
01000101100000000000100000001000101000100010111000001010110000001011100001101000000
00010001110100010000001100100110100010100110110100001010100100101110000001110001011
00011000011000010000101100000000100100100110110000011011110000000111100001100000011
00000001100100001001000011000000101100100110110100011110110000000010100101100001000
00100000001100000001010111000000100100100110010100011011000000010111000001100001001
00000101100000000100010000001000110100100110110000111010110000011011100001101001000
00000101100100010011010011001000000100100110110101011100100100110011000001001001000
00010000011000000101011100000000010110100100010000111001110000011111100001100001011
00100101100110010000101100101001110100100110110101111011100100100111000101101000011
00010001110100000000101100010000111110100100110100111011110000001111100001100000011
00011000010000000000001100000010110110100100110000111000110000000110100011100001011
00000111100000010000100000001000101000100110110001001011110000000011100001101000000
00010111100100000011011111001100100010100110110101001010100100111110000101111001011
00011000001100000100001100000000100110100100110100011011110000010111100001100001011
00000101100000000100100000001000100100100110110000011011110000011011100001101001000
00010001100100010000101100001010100100100110110101011111110000001111100001100000011
01010000011000010000101100000000100110100010010000111011110000001111100001100000011
01000111110000000000100000001000101000100010111000001011110000001011100001101000000
01010001100100010000101100000110100110100010100100111010010000001111100101110000011
01010001110100010000101100000000101100100010110100111010110000001111100001100000011
01000001110000000000100000000000101100100010111000111011110000001011100001100000000
01010001100100000010101100000110100010100010110101001010110000001110100101110000011
00011000000100010000101100000000100110100110110100011011110000000111100001100000011
00010001110100000000101100001100100110100110100101011010110000000111100001110000011
00010001100000000000101100000000100110100110110000011011110000001111100001100000011
01111000001000000101011100000000100110100010000001111011110000011111100101100001011
01010101100100000100101100001000101010100010110100001011110000011111100001101001011
01110000011110000000101100010111010010100010010101101000110100101111100101110000011
01010111100100010000101100101000101110100010110100111011100000001111000001101000011
00110101100100000011011111001100100110100110100101011010100000011111000101111001011
01010001100100000100001100000000110110100000110100111011110000011111100001100001011
01000001100000000100100000000000101100100010111000111011110000011011100001100001000
11010001100100000100001100000100101110100000110101111101110100111110100001110001011
10010000000000000100101100000000101110100110010000011011110000010111100001100001011
00110111100100010000101100001100101110100110110101011101110000001111100101011000011
01010000011100000000101100000000100110100000010100111001110000001111100001100000011
00110101100100010100001100011100111010100110010101011110110100111110100001111001011
00011000011000000100101100000000100110100100010000011011110000010111100001100001011
00010101100100000000011101001100001010100110110100001000100100111111000101011001011
01011000001100000100001100000000000100100000110100111001110000011111100001100001011
00010111110100000000101100001100100010100110110101001111110100100110100101111000011
00011000001100000000101100000000100110100100010100011011110000000111100001100000011
01010000011000000010001111001000100110100000010000111011111111101110111101100001011
00000111100100001000000011001000101000100110110100001111110100100010100001101001000
00101000001000000001010111000000100100100100010000011011100000010111000001100001001
00000101100000000100010000001000110000100110010000011011110000011011100001101001000
01101000011000000100100100000000100000100000110000001011110000011111100001100001001
01010000011100000000101100010100110110100010010100111010010000001111100101110000011
01010111100100000000101100001000101100100010110100111010110000001111100001101000011
01110001100110000000101100000110101110100000100101111011010000001111100101110000011
01010001100100010000101100000000101110100010110100111010110000001111100001100000011
00111000011100000010101100001000101000100110000100001010110000001111100001100000011
00010000010000000010011111000110100110100110010001011011100100110111000101110001011
00010101100100010100001100001000110010100110010100011011110000011111100001101001011
01000001110000000100100000000000100100100000111000111011110000011011100001100001000
01000000000100010100100000110000110000100010000101101010100000011011000001100001000
01110101110000000010101100011000111110100010110000111010010000001111100011101000011
01000001100000000000100000000000101000100000111001001010110000001011100001100000000
00011000000000000001001111000010100110100110010000011010110100100111100101100001011
00000101100100010000000011001000100000100110110100001011110000001011100001101001000
00010111100100000011001100001000101100100110110100011011110000001111100001101001011
01110111100110010000101100001101000110100010110101111100110100101110100101111000011
00010000010100000000101100100000101110100100010100011011100000000111000001100000011
00000101100000000000100000001000110100100110110000111011110000001011100001101000000
00010101100100010000101100001100111110100110110100111110110100100111100001111000011
00010000011000000000101100000000101100100100010000011011110000001111100001100000011
00110111100110010000101100101001101010100110110101001010100000001110000101101000011

