01100001100100000000100100100000101100111010110100111001000000001111000101000100001
01000001100100000000100000000000111100111010111100111000110000001011100101000100000


00110000000100000000101100001100101110110110010101011001111111100110111101010000011
00010111100100000000101100001000100110111110110100011101110100100110100101001100011
00000000001100000000100000000000100100111100010100011001110000000011100101000100000
00100111100100000000100100001000100100111110110100011001010000001111100101001100001
01000001100100000000100000000000100100111000111100111000110000001011100101000100000
01100001100100000000100100100000101100111010110100111001000000001111000101000100001
01000001100100000000100000000000111100111010111100111000110000001011100101000100000
00010000010000000000011111101100101110110110010001011000101111111100011101010001011
00010111100100000100001100101000110010111110010100011101100100110110000101001101011
00001000011100000100100000010000110100111100010100111001110000010011100101000101000
00100111100100000010100100001000101100111110110100011001010000001111100101001100001
00100011100100000001010111001000101100110110110100011100100000011110000101001001001
00000000001100000100010000000000110100111100010100111001110000010011100101000101000
00100111100100000100100100001000101100111110110100011001010000011111100101001101001
00010001100000000101011100000110101110110110110001011000111111110100111101010001011
00010101100100010100101100001000100010111110110100001101110100110110100101001101011
00001000011100000000100000000000100100111100010100011001110000000011100101000100000
00100001100100010000100100001000101000111110100100001001110000001110100101000100001
00001000011100000000100000000000100100111110110100011001110000000011100101000100000
00011000001000000000101100001100100010111100010001001000111111101111111101010100011
01010111100100001000101100001000100010111010110100001101110100101110100101001100011
00001000000100000000100000000000100100111100010100011001110000000011100101000100000
00100101100100000000100100001000100100111110110100011001010000001111100101001100001
01010001100100010100001100000000100010110010110100001101110100111110100101000001011
00001000010100000100100000000000100100111110010100011001110000010011100101000101000
00110101100100000001011101001000100010111110110100001000100000010110000101001101011
00001000001100000100000000000000100100111100110100011001110000010011100101000101000
00100111100100000100100100001000100100111110110100011001010000011111100101001101001

