01100001100000000000100100000000100001100010110000001001110000001111100001000000001
01000001100000000000100000000000100001100010111000001001110000001011100001000000000


00010001100100000000001100000100101111100110110100011001110000000110100101010001011
00010001100100000000101100000000100101100110110100011001110000000111100001000000011
00000001100000000000100000000000100101100110110000011001110000001011100001000000000
01100001100000000000100100000000100001100010110000001001110000001111100001000000001
01000001100000000000100000000000100001100010111000001001110000001011100001000000000
00010111100000000000101100001100100111100110110001011001110100100110100001011000011
00010001100000000000101100000000100011100100110000001001110000000111100001000000011
00001000001000000000100000000000100001100110110000001001110000001011100001000000000
01100111100000000000100100001000100001100010110000001001110000001111100001001000001
01000001100000000000100000000000100001100000111000001001110000001011100001000000000
00000001100100000000000011000010101001100110110101001001110000001011100101000001000
01110001100100010001011111000000100111100010110100111001000000011111000001000001011
01000001110000000100000000000000111101100010111000111000110000011011100001000001000
01100011100000000100100100101000101001100010110000001001100000011111000001001001001
00100001110010000000101100000000100101100100110001011000010000000100100101000000011
00010011100100000000101100001000100011100110110100001000110000000111100001001000011
00001000001000000000100000000000100101100100110000011001110000001011100001000000000
00000001100000001000000011000000101101100110110001011001110100101011100001000001000
01110001100000000001011111000000100011100010110000001001100000011111000001000001011
01001000000000000100000000000000100001100010111000001001110000011011100001000001000
01100101100000000100100100001000100001100010110000001001110000011111100001001001001
00011000000000000011011111010100100111100100010001011001100100110111000001010001011
00010101100000000100001100001000110011100110010000011001110000011111100001001001011
01000001100000000100100000000000100001100000111000001001110000011011100001000001000
00000111100100000000100000001000100101100110110100011000110100100010100001001000000
00100001100000000000100100000000100101100100110000011001110000000111100001000000001
00000001100000000000100000000000100001100110110000001001110000001011100001000000000
11000001100100000000000000000010100101100000111100111001110000001010100001000001000
10100001100000010000100100000000101101100110110000011001010000000111100001000000001
00000001110000000000100000000000100001100110110000001000110000001011100001000000000
01100011100000000000100100001000100001100010110000001001110000001111100001001000001
00010001100000000010101100000100101111100110100001011001110000000110100001010000011
00010001100000000000101100000000100011100110110000001001110000000111100001000000011
00010000011000000100001100010100111011100100010000011001110100111111100001010001011
01010111100000000100101100001000100001100010110000001001110000011111100001001001011
10011000001000000100101100000100100111100110100000011000110000010100100101010000011
00010111100100000000101100001000100001100110110100001001110000000111100001001000011
10110000011010000000101100000101101111100100010001011000110100101100100001010000011
00010111100000000000101100001000100011100110110000001001110000000111100001001000011
00001000001000000000100000000000100001100100110000001001110000001011100001000000000
00011000010000000100101100001110100111100110010001011001111111111100111101010001011
00010111100100010000101100001000100011100110110100001101110100100110100001001000011
00001000011000000000100000000000100101100100010000011001110000000011100001000000000
00100111100000000000100100001000100001100110110000001001110000001111100001001000001
10011000000000000000101100000100100111100110110001011000110100100110100001010000011
00010101100000000000101100001000100011100110110000001001110000000111100001001000011
01000111100000000100000000001000101101100010111001111001110000011000100001001001000
00110001100000000100101100000000101011100100110000001001110000010111100001000001011
00000000010000000000100000000010100101100100110001011001110000000010100001000000000
00110111100000010000101100001000100011100110110000001001110000000111100001001000011
00001000011000000000100000000000100001100100110000001001110000001011100001000000000
00000101100000000000000000001000101101100110110001011001110100100010100101001001000
00110001100100000000101100000000100011100100110100001001110000000111100001000000011
00001000001000000000100000000000100101100110110000011001110000001011100001000000000
00011000010000000000001100001100100111100110000001011000110000000110100101010001011
00010111100100000000101100001000100011100110110100001001110000000111100001001000011
00000111100100000000100000001000101101100110100101011000010000001010100101001000000
00110001100100000000101100000000100111100100110100011000010000000111100001000000011
00000001100000000000100000000000100101100110110000011000110000001011100001000000000
00011000010000000000101100000110100111100100110001011000010000001100100101010000011
00010111100100010000101100001000100011100110110100001000110000000111100001001000011
00001000011000000000100000000000100101100100110000011001110000001011100001000000000
10011000011000000000011101001100111111100110110011111001100100110100000001010001011
10010111100000000100001100001000111011100110010000011001110000010111100001001001011
10001000011000000100100000000000100001100100110000001001110000011011100001000001000
00010001100100000100001100001100100111100100110101011000110000011110100001010001011
00010001100000001100101100000000100111100110110000011001110000010111100001000001011
00011000000100000000101100000100100111100100100101011000010000000110100001010000011
00010101100000000000101100001000100111100110110000011000110000000111100001001000011
00000001100000000000100000000000100001100100110000001001110000001011100001000000000
00010000001100000000101100000000100111100110000101011001110000000111100001000000011
00010111100000000000101100001000100111100110110000011001110000001111100001001000011
00010001100100001000101100000110101111100110110101011001110100100110100101010000011
00010001100100010000101100000000100111100110110100011001110000000111100001000000011
00000001110000000000100000000000100101100110110000011001110000001011100001000000000
00010111100100010000101100001000101111100110110100011001110100100110100001001000011
00000001110000000000100000000000100101100100110000011001110000000011100001000000000
00100011100000000000100100001000100001100110110000001001110000001111100001001000001
10000000001000000000000000000010100001100100110001001000110000001011100001000001000
11110111100000010000101100001000100011100010110000001001110000001111100001001000011
01000001110000000000100000000000100001100000111000001001110000001011100001000000000
00010111100100000000101100001100100111100110100100011001110000000110100001011000011
00010001100000000000101100000000100101100100110000011001110000000111100001000000011
10010111100000001011011111001100101111100110110010011000100000010110000001011001011
10010001100000000100001100000000110001100100010000011001110000010111100001000001011
10001000011000000100100000000000100001100110110000001001110000011011100001000001000
00010101100100010001011101001000101011100110100100001000100000011110000001001001011
00001000011000000100000000000000100101100100110000011001110000010011100001000001000
00100111100000000100100100001000100001100110110000001001110000011111100001001001001
00010001100000000000101100000110101111100100100000011000110000001111100101010000011
01010001100100010000101100000000100001100010110100001001110000001111100001000000011
01000001110000000000100000000000100101100010111000111001110000001011100001000000000
01100011100000000000100100001000101001100010110000001001110000001111100001001000001
00011000010000000100101100000110100111100110110001011000010000010100100101010000011
01000000010000000000100000000010100101100000000001111000110000001000100001000000000
00110111100000010000101100101000101011100110110000001001100000000111000001001000011
10011000011000000110001100000100100111100100010001011000110100110100100101010001011
10010111100100000100101100001000100011100110110100001001110000010111100001001001011
00010001100100000000101100000110100111100100100100011001110000000110100101010000011
00010001100100010000101100000000100101100110110100011001110000000111100001000000011
00010000011000000000101100000110100111100110010001011000110000000110100101010000011
00010111100100010000101100001000100011100110110100001001110000000111100001001000011
00011000000000000100001100001100101111100110110000011000110100110100100001010001011
00010101100000000100101100001000100001100110110000001001110000010111100001001001011
00011000000100000000101100000000100111100100010100011000010000001110100101000000011
00000101100100000000100000001000100101100110110100011000110000000011100001001000000
00100001100000000000100100000000100101100100110000011001010000001111100001000000001
01000001100000000000100000000000100001100010111000001000110000001011100001000000000
00010101100000001000101100001100100111100110110001011000010000001110100001011000011
00010001100000000000101100000000100011100100110000001000110000000111100001000000011
00101000010010000000101100000011100101100110110001011001110100100110100101000000011
10000000000100000100000000001000111101100100000101111001010000010010100101000001000
10110101100100001100101100001000101111100110110100011000010000010111100001001001011
00000001100000000000100000000000100101100100110000011000110000001011100001000000000
01100000000010000000001100001001101001100010010001001000111111101111111101000001011
01010111100100000000101100001000100011100010110100001101110100101110100001001000011
00001000000000000000100000000000100101100100010000011001110000000011100001000000000
00100101100000000000100100001000100001100110110000001001110000001111100001001000001
00110000011010000000001100000101100011100110110001001001110100101111100001010001011
01010111100000000000101100001000100011100010110000001001110000001111100001001000011
00011000011000000000001100000000101101100110000001011001110000000100100001000001011
00000000000000000110000000001010100101100110010000011001110100110000100001000001000
00100101100000010100100100001000100001100110110000001001110000010111100001001001001
01010111100100001000001100001000101011100010110100001000110000001110100001001001011
00001000000000000000100000000000100101100100110000011001110000000011100001000000000
00111000010110000000101100001100100111100110100101011000010000001110100101010000011
00010111100100000000101100001000100111100110110100011000110000000111100001001000011
00000001100000000000100000000000100101100100110000011001110000001011100001000000000
00000001100100010000000000000000111101100110100101111100110000000011100011000001010
00110000011000000000101100000000101111100110010001011001010000001111100001000000011
01010111100000000000101100001000100011100010110000001000110000001111100001001000011
00001000011000000001000000000000101101100100010001011001110000000000100101000001000
00110111100100000000101100001000100011100110110100001001110000000111100001001000011
00110001100000001100101100000100100111100110100001011001110000011100100001010001011
01010011100100000000101100001000100011100010100100001000110000001110100101001000011
00001000000100000000100000000000100101100100110100011001110000000011100001000000000
00100101100000000000100100001000100101100110110000011001010000001111100001001000001
01000001100000000000100000000000100001100000111000001000110000001011100001000000000
01000111100000001000000011001000101101100010111001111000110000001000100001001001000
00110001100000000001011111100000101011100100110000001001100000010111000001000001011
00001000001000000100000000000000100001100110110000001001110000011011100001000001000
01100111100000000100100100001000100001100010110000001001110000011111100001001001001
11000000001000000010100000000010101101100010000000111000110000001000100101000000000
00100111100100010000100100101000101001100110110100001001100000000111000001001000001
10011000001000001100101100001110100111100110110000011001110100110111100101010000011
00010111100100010000101100001000100001100110110100001001110000001111100001001000011
01000001110000000000100000000000100101100000111000111001110000001011100001000000000
00010101100000000100101100001100101111100110110000011000110100111100100001011001011
00010001100000000000101100000000100001100100110000001001110000000111100001000000011
00010000010000000000101100000110101111100110010000011000111111101100111101010000011
00010111100100010000101100001000100001100110110100001101110100100110100001001000011
10010101100100000001011101001000100111100110110110011101100000011110000101001001011
10000000001100000100000000000000110101100100010100111001110000010011100001000001000
10100111100000000100100100001000101101100110110000011001010000011111100001001001001
00001000010000000010000011000010101101100110110001011000010000000000100101000001000
00110111100100010001011111001000100011100110110100001000100000010111000001001001011
00001000011000000100000000000000100101100100110000011001110000011011100001000001000
00100000010010000000011111101011101101100110010001011001100000010110000001000001011
00010111100000010100001100001000110011100110010000011001110000010111100001001001011
00001000011000000100100000000000100001100100110000001001110000011011100001000001000
00101000000010000100101100001000101101100100100001011000110000010100100001000001011
00010101100000001000101100001000100011100110110000001001110000000111100001001000011
00010101100000000000101100001100100111100110110001011000110100100110100101011000011
00010001100100000000101100000000100011100100110100001001110000000111100001000000011
00010001100100000001011101001000100011100110100100001101100000010111000001000001011
00001000001000000100000000000000100101100110010000011001110000011011100001000001000
11100111100000000011010111001000100101100011110011111000100100111110000101001001001
10010001100100000000011101100000111011100100010110011001100000010111000001000001011
10001000011000000100000000000000110101100110110000111001110000011011100001000001000
11100111100000000100100100001000101001100010110000001001110000011111100001001001001
00000001110000000000010011001000100101100100110001011001100000010010000101000001000
00110011100100001101011100001000110011100110010100011001010000010111100001001001011
00001000011000000100100000000000100101100100110000011000110000011011100001000001000
00010111100100001000101100001000100011100110110100001101110000000111100001001000011
00001000001000000000100000000000100101100100010000011001110000001011100001000000000

