01010001100100000001011111100000001110111010110100111000000000011111000101000101011
01000001100100000100000000100000011100111010111100111000100000011011000101000101000
01000001100100000100100000110000011100111010111100111000000000011011000101000101000
01000001100100000010100000110000011100111010111100111000000000001011000111000100010
01000001100100000010100010010000001100111010111101111000000000001011000101000100000


01011000010000000000011111101100000110110000000001111000000000011100000101010001011
00010111100100001100001100101000011010111110010100011000100000010111000101001101011
00001000011100000100100000110000010100111100110100111001100000011011000101000101000
01000111100100000010100000011000011100111010111100111000010000001011100111001100010
01000001100100000010100010000000001100111000111101111000010000001011100101000100000
01010001100100000001011111100000001110111010110100111000000000011111000101000101011
01000001100100000100000000100000011100111010111100111000100000011011000101000101000
01000001100100000100100000110000011100111010111100111000000000011011000101000101000
01000001100100000010100000110000011100111010111100111000000000001011000111000100010
01000001100100000010100010010000001100111010111101111000000000001011000101000100000
01000000000000000001010011000000001100111000011001111000000000011010000101000101000
00010101100100000101011100101000011010111110010100011000000000010111000101001101011
00001000011100000100100000110000010100111100110100111000100000011011000101000101000
01000111100100000010100000111000011100111010111100111000000000001011000111001100010
01000001100100000010100010010000001100111000111101111000000000001011000101000100000

