01100001100000000000100100000000100000100010110000001001110000001111100001000000001
01000001100000000000100000000000100000100010111000001001110000001011100001000000000


00011000001000000000001100001100101110100110010000011000010000000100100001010001011
00010111100000000000101100001000100000100110110000001000110000000111100001001000011
00001000001000000000100000000000100000100100110000001001110000001011100001000000000
01100111100000000000100100001000100000100010110000001001110000001111100001001000001
01000001100000000000100000000000100000100000111000001001110000001011100001000000000
01100001100000000000100100000000100000100010110000001001110000001111100001000000001
01000001100000000000100000000000100000100010111000001001110000001011100001000000000
00000001100100000111010000000000101100100110110101011001110000010010100001000001000
00110001100000000100101100000000100110100110110000011001010000010111100001000001011
00000001100000000000100000000000100000100110110000001000110000001011100001000000000
01010101100100000001011101001000100110100010110100111101100000011110000101001001011
00000000000100000100000000000000111100100100010100111001110000010011100001000001000
00100101100000000100100100001000101100100110110000011001010000011111100001001001001
01000001100000000000100000000000100000100000111000001000110000001011100001000000000
11011000001000000000011111000100100110100010010011111000100000011100000001010001011
10010111100000000100001100101000111010100110010000011001100000010111000001001001011
10001000011000000100100000010000110000100100010000011001110000011011100001000001000
01100111100000000010100100001000100000100010110000001001110000001111100001001000001
10111000001100000000101100000100100110100110100101011001110000000111100001010000011
00010111100000000000101100001000100110100110110000011001110000001111100001001000011
00110111100100000010001100001000100110100110110100011100110000000110100101001001011
00000000001100000000100000000000100100100100010100011001110000000011100001000000000
00100111100000000000100100001000100100100110110000011001010000001111100001001000001
00101000010000000001000100001000100100100110010001011001111111101111111101000001001
01010111100100000000101100001000100010100010110100001101110100101110100001001000011
00001000000000000000100000000000100100100100010000011001110000000011100001000000000
00100101100000000000100100001000100000100110110000001001110000001111100001001000001
10100000001110000000101100000010101100100110000101011001110000001110100101000000011
00010111100100010000101100001000100110100110110100011001110000000111100001001000011
00000001110000000000100000000000100100100100110000011001110000001011100001000000000
01100011100000000000100100001000100000100010110000001001110000001111100001001000001
00110001100110000000101100001000101010100100110100001101110000000110100101000000011
00001000001100001000100000000000100100100110010100011001110000000011100001000000000
00011000011000000010001100000110101110100110010001011001110100101111100001010001011
01010111100000010000101100001000100010100010110000001001110000001111100001001000011
01000001110000000000100000000000100000100000111000001001110000001011100001000000000
00101000011010000000101100001000100100100110000001011000110000001111100001000000011
01010111100000000000101100001000100010100010110000001001110000001111100001001000011
00110111100010000000101100001100100110100110100001011000010000000100100101011000011
00010001100100000000101100000000100010100100110100001000110000000111100001000000011
00001000001000000000100000000000100100100110110000011001110000001011100001000000000
00010000000000000010011111000100101110100100000000011000100000010110000101010001011
00010101100100000100001100001000110000100110010100011001110000010111100001001001011
00001000011000000100100000000000100100100100110000011001110000011011100001000001000
00111000000000000000001100000100101110100100010000011001110100101100100101010001011
00010101100100000000101100001000100000100110110100001001110000000111100001001000011
00001000001000000000100000000000100100100100110000011001110000001011100001000000000
00110001110110000000101100001000100110100110100100011001110000000110100101000000011
00000011100100000000100000001000100100100110110100011001110000000011100001001000000
00100001100000000000100100000000100100100100110000011001010000001111100001000000001
01000001100000000000100000000000100000100010111000001000110000001011100001000000000
00110000011010000000101100001100100110100100000001011001010000000100100001010000011
00010111100000001000101100001000100010100110110000001000110000000111100001001000011
00110000010000000001011101000110101110100110010000011000100100110100000001010001011
00010111100000010100001100001000110000100110010000011001110000010111100001001001011
00001000011000000100100000000000100000100100110000001001110000011011100001000001000
00010111100100000011011111101000100010100110100100001000100000010111000001001001011
00001000001000000100000000000000100100100100110000011001110000011011100001000001000
01100111100000000100100100001000100000100010110000001001110000011111100001001001001
01000001100000000000000011000010100100100000111001111001110100101010100001000001000
00110001100000010001011111000000101010100110110000001001100000010111000001000001011
00001000011000000100000000000000100000100110110000001001110000011011100001000001000
00010000010000000000101100000110100110100110100001011000010000000111100001010000011
00010111100000010000101100001000100010100110110000001000110000001111100001001000011
10010000011100000000101100001100101110100100110101011001110000000111100001010000011
00010111100000001000101100001000100110100110110000011001110000001111100001001000011
00110001100110010000001100001000100010100110100100001101110000001111100001000001011
01000000011000000000100000000000100100100010011000111001110000001011100001000000000
01100111100000000000100100001000101000100010110000001001110000001111100001001000001
10010101100100010000101100001000100110100110110100011100110000001110100101001000011
00000000011100000000100000000000100100100100010100011001110000000011100001000000000
00001000010000000011010011010000101100100100010001011001100100110010000101000001000
00110111100100000111011100001000110010100110010100011001110000010111100001001001011
00001000010100000100000000001000100100100110110100011000110000010010100101000001000
00100111100100000100100100001000100100100110110100011001010000010111100001001001001
00000001100000000000100000000000100100100100110000011000110000001011100001000000000
00010111100000010000101100001000110010100110010000011001110100101111100001001000011
01000000011000000000000011000000101100100000000001111001010000001010100001000001000
00110111100000000001011111001000101010100110110000001000100000010111000001001001011
00001000001000000100000000000000100000100100110000001001110000011011100001000001000

