01000001100000000000100000000000100001100010111000001001110000001011100001000000000
01100001100000000000100100000000100001100010110000001001110000001111100001000000001


00010111100000000110001100001100101011100110110001001100110100111111100101011001011
01010000001100000100101100000000100011100000010100001001110000011111100001000001011
01000111100000000000100000001000100101100010111000111001110000001011100001001000000
01100001100000000000100100000000101001100000110000001001110000001111100001000000001
01000001100000000000100000000000100001100010111000001001110000001011100001000000000
01100001100000000000100100000000100001100010110000001001110000001111100001000000001
00110101100110010100001100001101100011100110110101001100110100110110100101011001011
00011000011100000100101100000000100111100100010100011001110000010111100001000001011
00000111100000000000100000001000100101100110110000011001110000001011100001001000000
01100001100000000000100100000000100001100000110000001001110000001111100001000000001
01000111100000000000100000001000110101100010111001111001110000001011100011001000010
01110001100000000000101100000000101011100000110001001001110000001111100001000000011
01010001100000000000101100000000100011100010110000001001110000001111100001000000011
00000101100100010010010001001000101001100110110101001101100000011010000001001001000
00111000011000000101011100000000100111100100010000011001010000010111100001000001011
00000111100000000100100000001000100001100110110000001000110000011011100001001001000
01000001110000000100100000000000110101100000111001111001110000011000100111000000010
00110011100100000000101100001000101011100110110101001001110000000111100001001000011
00011000001000000000101100000000100111100100110000011001110000001111100001000000011
01000111100000000000100000001000100001100010111000001001110000001011100001001000000
00010001100100000000001100001100100011100100110101001000110100101110100001010001011
00011000001000001000101100000000100111100110110000011001110000000111100001000000011
00000111100000000000100000001000100001100110110000001001110000001011100001001000000
00000001100100000000100000000000100001100100110101001001110100101010100101000000000
00111000001100000000101100000000100111100110110100011001110000000111100001000000011
00010111100000001000001100001100101111100110110001011100110100100111100001011001011
00010000001000000000101100000000100011100100010000001001110000001111100001000000011
00011000000100000110001100001000100111100110010100011000110100111110100001000001011
00000101100000000100100000001000100101100110110000011001110000010011100001001001000
00100001100000000000100100000000100001100100110000001001110000001111100001000000001
01010111100100010000001111001000101011100010100100001100110000001110100101001001011
00001000010100000000000011000000100101100100010100011001110000000011100001000001000
00100111100000000001010111001000100101100110110000011001000000011111000001001001001
01000001100000000100010000000000110001100000011000111000110000011011100001000001000
01101000011000000100100100100000101001100010110000001001100000011111000001000001001
01010111100100000000001100001100100011100010100101001100110000001110100101011001011
00011000000100000000101100000000100111100100010100011001110000000111100001000000011
00000101100000000000100000001000100101100110110000011001110000001011100001001000000
00010111100000010000101100001100100111100110110001011100110100100111100101011000011
00010000011100000000101100000000100011100100010100001001110000001111100001000000011
00100001100110010000101100001000100101100110100101011100110000000110100001000000011
00010000011000000000101100000000100111100110010000011001110000000111100001000000011
00110001100110001000001100001100101011100110100100001001110000000110100001010001011
00011000001000000000101100000000100101100110110000011001110000000111100001000000011
00000001100000000000100000001000101101100100110001011100110000001011100101000000000
01110000001100001000101100000000100011100010010100001001110000001111100001000000011
00010111100000010010101100111100111111100110110000111000100000000111000011011000011
00010001110000000000101100010000111001100100010001011001110000001111100011000000011
01010011100000000000101100001000100011100010110001001001110000001111100001001000011
01010001100000000000101100000000100011100000110000001001110000001111100001000000011
00110101100000000110001100001000101111100110110000011000010000010100100001001001011
00000001100000000100100000000000100001100100110000001000110000010011100001000001000
00101000001000000000100100000000100001100110110000001001110000001111100001000000001
01000101100100000000100000001000100101100010100101111100110000001011100101001000000
01110000000100000000101100100000101111100000010100111001000000001111000001000000011
01000101100000000000100000001000111101100010111000111000110000001011100001001000000
01100001100000000000100100100000101001100000110000001001100000001111000001000000001
00010111100100000000101100011100110011100110010101001101110100100111100111011000011
00011000011100000000101100000000100111100100010100011001110000001111100001000000011
01110001100010000000101100001001100011100000110001001100110000001111100001000000011
01010000000000001000101100000000100011100010010000001001110000001111100001000000011
01000101100000000000100000001000100001100010111000001001110000001011100001001000000
00010111100100001011001100001100101111100110110100011100110000001110100001011001011
00010000001000000000101100000000100101100100010000011001110000000111100001000000011
00010111100000000000101100001000100101100110100000011001110000000100100001001000011
00000001100000000000100000000000100001100100110000001001110000000011100001000000000
00000000010100000000000000001000111101100100110100111000110000000011100101000001000
00100111100100001000100100101000101101100110110100011001000000001111000001001000001
01000001100000000000100000000000110101100000111000111000110000001011100001000000000
01100001100000000000100100100000101001100010110000001001100000001111000001000000001
00010111100000001000001100001100100111100110110000011001110100101111100101011001011
01010001100100000000101100000000100001100000110100001001110000001111100001000000011
01000001100000000000100000000000100101100010111000111001110000001011100001000000000
01100001100000000000100100000000101001100010110000001001110000001111100001000000001
00010000010000001000001111000010101111100110000000011001110000000100100101000001011
00000111100100010000000011001000100001100110110100001001110000000011100001001001000
00101000011000000001010111000000100101100100110000011001000000011111000001000001001
01000111100000000100010000001000110001100010011000111000110000011011100001001001000
01101000011000000100100100100000101001100000110000001001100000011111000001000001001
00010000000100000100101100000100100111100100010101011001010000010111100101010000011
00010101100100000000101100001000100111100110110100011000110000001111100001001000011
01000001100000000000100000000000100101100000111000111001110000001011100001000000000
00110101100010000100001100001100101111100110110001011100110000010111100001011001011
00010000001000000100101100000000100011100100010000001001110000011111100001000001011
00010011100100000010001100001000101001100110100101001001110000001110100101001001011
00011000001100000000101100000000100111100100110100011001110000000111100001000000011
00110001100110010000101100001100101111100110100101011000110000000111100001010000011
00010001110000000000101100000000100111100110110000011001110000001111100001000000011
01000011100000000000100000001000100001100010111000001001110000001011100001001000000
00010101100000000000101100001100100011100110110001001101110100100111100101011000011
00011000001100000000101100000000100011100100010100001001110000001111100001000000011
01110101100000000000101100001000100011100010100001001001110000001111100101001000011
01010001100100000000101100000000100011100000110100001001110000001111100001000000011
00010001100000000000101100000100110011100110010001011101110000000111100111010000011
00011000011100000000101100000000100011100110010100001001110000001111100001000000011
01000101100100000000100000001000100101100010111101111000110000001010100101001000000
00110001100100000000101100100000101111100100110100011001000000000111000001000000011
00000001100000000000100000000000110101100110110000111000110000001011100001000000000
01010001100100000000001100001100100011100000110101001101110100101110100001010001011
00011000000000001000101100000000100111100110010000011001110000000111100001000000011
00000101100000000000100000001000100001100110110000001001110000001011100001001000000
11010101100100001000001100001100101011100010100100001000110000001110100101011001011
10011000000100000000101100000000100101100100110100011001110000000111100001000000011
00000001100100000010100000000000111101100110110101111101110000000010100101000000000
00110000001100000000101100000000101111100110010100011001010000000111100001000000011
00000111100000000000100000001000100101100110110000011000110000001011100001001000000
00100111100100010000100100001000100001100110100101001001110000000110100101001000001
00011000011100000000101100000000100111100100110100011001110000000111100001000000011
00010101100000010000001100001100101111100110100000011100110000001111100101011001011
01010000011100000000101100000000100001100000010100001001110000001111100001000000011
00010111100000000000101100001100101111100110110001011001010000000111100001011000011
00010001100000000000101100000000100011100100110000001000110000001111100001000000011
00010111100100010000101100001100100011100110110101001000110100100111100101011000011
00011000011100000000101100000000100111100100110100011001110000001111100001000000011
00010101100100010000101100001100100111100110110101011101110100100110100101011000011
00010000011100000000101100000000100111100100010100011001110000000111100001000000011
01000101100000010000100000001000101001100010111001001000110000001011100101001000000
01110001110100000000101100000000100011100000110100001001110000001111100001000000011
01000011100000000000100000001000100101100010111000111001110000001011100001001000000
00010001100000000000101100001100100111100110110001011100110000001111100101010000011
01010000001100000000101100000000100011100010010100001001110000001111100001000000011
01010111100000010100101100001100100011100010110000001000110000011111100001011001011
01010001110000000000101100000000100001100000110000001001110000001111100001000000011
01000101100000000000100000001000101001100010111001001101110100101011100001001000000
01110000000000000000101100000000100011100000010000001001110000001111100001000000011
00010101100000000000101100001000101111100110110000011000010000000100100101001000011
00000001100100000000100000000000100001100100110100001000110000000011100001000000000
00101000001000000000100100000000100101100110110000011001010000001111100001000000001
01000111100000000000100000001000100001100010111000001000110000001011100001001000000
00010111100100000000001111001000100111100110110100011100110100100110100101001001011
00000000001100000000000011000000100101100100010100011001110000000011100001000001000
00000111100100010000100000001000101101100110110101011100110000001010100001001000000
00110000011000000000101100000000100111100100010000011001010000000111100001000000011
00000111100000000000100000001000100001100110110000001000110000001011100001001000000
10010101100100010011011100001100101111100110100101011001110000000110100101011001011
10010001110100000000101100000000100111100100110100011001110000000111100001000000011
00000011100000000000100000001000100101100110110000011001110000001011100001001000000
00010101100100010010001100001000100101100110110101011100110000000111100001001001011
00010000011000000000101100000000100111100100010000011001110000001111100001000000011
11110111100010001000011111001101101011100010110011001101100100111111000101011001011
11011000000100000100001100000000100011100000010100001001110000011111100001000001011
11000101100000000100100000001000100101100010111000111001110000011011100001001001000
00101000000100001010000111001010101101100110010100011000110000000111100101000001001
00000101100100010000000011001000100101100110110100011001110000001011100001001001000
01100001110000000001010111000000100101100000110000111001000000011111000001000001001
01000011100000000100010000001000111001100010011000111000110000011011100001001001000
01010101100100010001001100001100100011100010110101001001110100101110100101011001011
00011000010100000000101100000000100111100100110100011001110000000111100001000000011
00110001100110000000001100000100100111100100110101011001010000000111100001010001011
00010001100000000000101100000000100111100110110000011000110000001111100001000000011
00010000011000000001001111101010100111100110010000011001100000001111000101000001011
01000111100100010000000011001000100001100010111100001001110000001011100001001001000
00110000010000000001011101001000101111100110010000011000100000010111000001000001011
00000111100000000100000000001000110001100110010000011001110000011011100001001001000
01100001100000000100100100000000100001100000110000001001110000011111100001000001001
00000101100100010000100000001000101001100110110101001000110000000011100001001000000
00111000011000000000101100000000100111100100110000011001010000001111100001000000011
10010101100000010000101100001000100011100110110001001101110100100111100001001000011
00011000011000000000101100000000100011100100010000001001110000001111100001000000011
00011000010100000000101100000100100111100110000101011001110000000111100101010000011
00010111100100000000101100001000100111100110110100011001110000001111100001001000011
00010000000100000000101100000100101111100100110101011000110100100111100101010000011
00010101100100000000101100001000100111100110110100011001110000001111100001001000011
10110001100110010000001100001100110011100110000101011100110000000111100001010001011
10011000011000000000101100100000100111100110010000011001100000001111000001000000011
01000111100000000000100000001000110001100010011000111001110000001011100001001000000
00010101100100010000101100001100100111100110100100011000010000000110100001011000011
00010001110000000000101100000000100101100100110000011000110000000111100001000000011
00000011100000000000100000001000100001100110110000001001110000001011100001001000000
11010111100100010000101100001100101011100010110100001001110000001110100101011000011
00011000010100000000101100000000100101100100110100011001110000000111100001000000011

