01100001100100000000100100100000101101111010110100111001000000001111000101000100001
01000001100100000000100000000000111101111010111100111000110000001011100101000100000


00011000010100000111001100000110101111111100010101011001111111110111111101010101011
00010111100100010100101100001000100111111110110100011101110100111110100101001101011
00000000011100000000100000000000100101111100010100011001110000000011100101000100000
00100111100100000000100100001000100101111110110100011001010000001111100101001100001
01000001100100000000100000000000100101111000111100111000110000001011100101000100000
01100001100100000000100100100000101101111010110100111001000000001111000101000100001
01000001100100000000100000000000111101111010111100111000110000001011100101000100000
01011000011000000001011111000110101111110000010000111000101111111100011101010001011
00010111100100010100001100101000111001111110010100011101100100110110000101001101011
00001000011100000100100000010000110101111100010100111001110000010011100101000101000
00100111100100000010100100001000101101111110110100011001010000001111100101001100001
00001000000100000001000011001010100001111110110100001001110000001011100101000101000
01100101100100010001010111001000100101111010110100111001000000011111000101001101001
01000001110100000100010000000000111101111000111100111000110000011011100101000101000
01100011100100000100100100101000101101111010110100111001000000011111000101001101001
01000001100100000000100000000000111101111000111100111000110000001011100101000100000
00010000011100000100101100001000101111110100010100011001110100111110100101000001011
00000111100100001000100000001000100101111110110100011001110000000011100101001100000
00100001100100000000100100000000100101111100110100011001010000001111100101000100001
01000001100100000000100000000000100101111010111100111000110000001011100101000100000
00011000000100000000101100001000101101111100110100011000110100100110100101000100011
00000101100100001000100000001000100101111110110100011001110000000011100101001100000
00011000010000000000001100001100101111110110010001011000111111100100111101010001011
00010111100100000000101100001000100011111110110100001101110100100110100101001100011
00001000001100000000100000000000100101111100010100011001110000000011100101000100000
00010111100100010000101100011000110011111110010100001100110100100110100101001100011
00001000011100000000100000000000100101111100010100011001110000000011100101000100000
00010000000000000011011101001100100111110100010001011001101111110100011101010001011
00010111100100001100001100001000110011111110010100011101110100110110100101001101011
00001000011100000100100000000000100101111100010100011001110000010011100101000101000
00000000001100000000100000001010110101111110010100111000110000000011100101000100000
00100111100100010000100100101000101101111110110100011001000000001111000101001100001
01000001110100000000100000000000110101111000111100111000110000001011100101000100000
01100011100100000000100100101000101101111010110100111001000000001111000101001100001
00010111100100000000101100001000100111111110100100011101110000000110100101001100011
00000000001100000000100000000000100101111100010100011001110000000011100101000100000
01010111100100010000101100001000100011111010110100001100110000001110100101001100011
00001000010100000000100000000000100101111100010100011001110000000011100101000100000
00110111100110010100011100101000101111111110110100011001000000010111000101001101011
00000001110100000100100000000000110101111100110100111000110000011011100101000101000
10010101100100000000011101001000101011111111110110001100100000010110000101001101011
10001000001100000000000000000000100101111100010100011001110000000011100101000101000
10100111100100000000100100001000100101111110110100011001010000001111100101001100001
10001000011100000000000011010010100101110100010101011001100000000011000001000001000
10110111100000010011011111001000100111111111110010011000000000011111000101001101011
11000001110100000000000000000000110001111000011100111000110000001011100101000101000
11100011100100000000100100101000101101111010110100111001000000001111000101001100001
00001000001100001000100000001010111101111110000101111001110000000011100101000100000
00110111100100010000101100001000101111111110110100011001010000001111100101001100011
01000001110100000000100000000000100101111000111100111000110000001011100101000100000
00010000010100000100001100000100100111111100010101011001111111110110111101010101011
00010111100100000100101100001000100111111110110100011101110100110110100101001101011
10111000011000000000101100001100101111111100010001011001111111100110111101010100011
00010111100100001000101100001000100011111110110100001101110100100110100101001100011
00111000001110001000101100001111100111111110110101011000111111100110111101010100011
00010111100100010000101100001000100111111110110100011101110100100110100101001100011
00011000010000000000001100000110100111111100110001011001111111100111111101010101011
00010111100100010000101100001000100011111110110100001101110100101110100101001100011
00010111100100001010101100001000110011110110000100001001110000001110100111001000011
00001000011100000000100000000000100101111100110101011001110000000011100101000100000
00110111100100000000101100001000100111111110110100011001010000001111100101001100011
00001000011100000000100000000000101101110100000100011000110000000011100101000000000

