01000001100000000000100000000000100000100010111000001001110000001011100001000000000
01100001100000000000100100000000100000100010110000001001110000001111100001000000001


00000111100000010000000000001000110000100110010000011001110000001011100101001001000
01100001110100000000100100000000100000100000110100001001110000001111100001000000001
01000011100000000000100000001000100100100010111000111001110000001011100001001000000
01100001100000000000100100000000101000100000110000001001110000001111100001000000001
01000001100000000000100000000000100000100010111000001001110000001011100001000000000
01100001100000000000100100000000100000100010110000001001110000001111100001000000001
00011000010100000000001100000000101110100110010100011000110100100111100001000001011
00000111100000000000100000001000100100100110110000011001110000001011100001001000000
01100001100000000000100100000000100000100000110000001001110000001111100001000000001
10110011100000000000101100001100110010100110010001011101110000000111100101011000011
00011000011100000000101100000000100010100100010100001001110000001111100001000000011
01000111100000000000100000001000100100100010111000111001110000001011100001001000000
11110001100010000000101100000100100010100010110001001000110000001111100001010000011
01010001100000000000101100000000100010100010110000001001110000001111100001000000011
00110111100100000001011101001100101010100110110101001101100000011110000101011001011
00011000001100000100001100000000100110100100010100011001110000010111100001000001011
00000111100000000100100000001000100100100110110000011001110000011011100001001001000
00110111100110000000001100001100100010100110110101001101110000000111100101011001011
00011000001100000000101100000000100110100100010100011001110000001111100001000000011
00010111100100010000101100001100100110100110100101011001110000000110100001011000011
00010001110000000000101100000000100110100100110000011001110000000111100001000000011
00000011100000000000100000001000100000100110110000001001110000001011100001001000000
00000001100100010000100000001000101000100110100100001101110000000011100101000000000
00101000011100000000100100000000100100100110010100011001010000001111100001000000001
01000111100000000000100000001000100100100010111000111000110000001011100001001000000
01100001100000000000100100100000101000100000110000001001100000001111000001000000001
00000111100100010000000000001000101100100110110101011000110000001010100101001001000
00110001110100000000101100000000100110100100110100011001010000000111100001000000011
00000011100000000000100000001000100100100110110000011000110000001011100001001000000
00110101100110010000101100001100111010100110000101011000110000000110100011011000011
00011000011000000000101100000000100110100100110000011001110000000111100001000000011
00000111100000000000100000001000100000100110110000001001110000001011100001001000000
01010011100100010001011101001100100110100010110100111100100000011110000001011001011
00010000010000000100001100100000111100100100010000111001100000010111000001000001011
00000111100000000100100000011000111000100110010000011001110000011011100001001001000
01100001100000000010100100000000100000100000110000001001110000001111100001000000001
11010111100100010100101100001100100010100010100100001001110000011110100001011001011
00011000010000000000101100000000100100100100110000011001110000000111100001000000011
10010101100000010000101100001100100110100110110001011101110000000111100101011000011
00010000011100000000101100000000100010100100010100001001110000001111100001000000011
01010111100100000000101100001100100010100010110101001101110100101110100101011000011
00011000000100000000101100000000100110100100010100011001110000000111100001000000011
00000101100000000000100000001000100100100110110000011001110000001011100001001000000
01110001110100000000001111000000101010100000100100001001110000001111100101000001011
01000011100100000000000011001000100100100010111100111001110000001011100001001001000
01100001100000000001010111000000101100100000110000111001000000011111000001000001001
01000001100000000100010000000000111000100010011000111000110000011011100001000001000
01101000011000000100100100100000101000100010110000001001100000011111000001000001001
01000111100000000000100000001000100000100010111000001001110000001011100001001000000
00010001100000000000101100001100100010100100110000001001110100100111100001010000011
00011000001000001000101100000000100000100110110000001001110000001111100001000000011
00110000010010000000001111000000101110100110010000011000010000001100100101000001011
00000111100100000000000011001000100000100110110100001000110000000011100001001001000
00101000001000000001010111000000100100100100110000011001000000011111000001000001001
01000111100000000100010000001000110000100010011000111000110000011011100001001001000
01101000011000000100100100100000101000100000110000001001100000011111000001000001001
00010000011000000010001111000000101110100100010000011000010000001111100101000001011
01000111100100000000000011001000100000100010111100001000110000001011100001001001000
01100001100000000001010111000000100100100000110000111001000000011111000001000001001
00000001100100000000000000001010110100100110100101111000110000000010100011000001010
00110001100000010000101100000000101110100110110001011001010000000111100001000000011
00010001110000000000101100000000100010100110110000001000110000001111100001000000011
01000011100000000000100000001000100000100010111000001001110000001011100001001000000
00110111100100010000101100001100111010100110000101011100110000001110100101011000011
00011000011100000000101100100000100110100100010100011001100000000111000001000000011
00000111100000000000100000001000110100100110110000111001110000001011100001001000000
01010101100100010000101100001100101010100010110101001100110100101110100001011000011
00011000010000000000101100000000100110100100010000011001110000000111100001000000011
00100101100100000010100100001000100100100110110101011000110000000111100001001000001
00010001100000000000101100000000100110100100110000011001110000001111100001000000011
00000101100100010000000000001000101100100110100101011000010000000011100001001001000
00110001110000000000101100000000100110100100110000011000010000001111100001000000011
01000011100000000000100000001000100000100010111000001000110000001011100001001000000
00110101100110001000001100001100100110100110100101011101110000000111100101011001011
00010000001100000000101100000000100110100100010100011001110000001111100001000000011
00111000011100000000001111000000100110100100000100011001110000000110100101000001011
00000111100100000000000011001000100100100110110100011001110000000011100001001001000
00100001100000000001010111000000100100100100110000011001000000011111000001000001001
01000001100000000100010000000000110000100010011000111000110000011011100001000001000
00010001110000000000101100001000100110100100100000011001110000000100100101000000011
00000011100100001000100000001000100000100110110100001001110000000011100001001000000
00101000001000000000100100000000100100100100110000011001010000001111100001000000001
01000111100000000000100000001000100000100010111000001000110000001011100001001000000
01110001100100000111011100001100100010100000110101001101110100111110100001010001011
00011000000000001100101100000000100110100110010000011001110000010111100001000001011
00000101100000000000100000001000100000100110110000001001110000001011100001001000000
00110111100100010000001100001100111010100110010101011001010000000111100011011001011
00011000011000000000101100000000100110100100110000011000110000001111100001000000011
01010000000100000000001100000010101010100000010100001000110100101111100001000001011
01000101100000010000100000001000100100100010111000111001110000001011100001001000000
01100001110000000000100100000000101000100000110000001001110000001111100001000000001
00010111100100000010101110001000101110100110100100011000010000000111100101001000011
00000001100100000000000011000000100100100100110100011000110000001011100001000001000
01100001100000000001010111000000100100100010110000111001000000011111000001000001001
01110000000000000000101100001100101010100000110001001000110100101111100101010000011
01010101100100001000101100001000100010100010110100001001110000001111100001001000011
01000001100000000000100000000000100100100000111000111001110000001011100001000000000
01100001100000000000100100000000101000100010110000001001110000001111100001000000001
00010101100100000000001100001100100010100110110101001100110100100110100001011001011
00011000001000000000101100000000100110100100010000011001110000000111100001000000011
00010101100000001110001100001100101110100110110001011000110100110111100001011001011
00010001100000000100101100000000100010100100110000001001110000011111100001000001011

