01000001100100000010100000110000011100111010111100111000000000001011000111000100010
01000001100100000010100010010000001100111010111101111000000000001011000101000100000
01010001100100000001011111100000001110111010110100111000000000011111000101000101011
01000001100100000100000000100000011100111010111100111000100000011011000101000101000
01000001100100000100100000110000011100111010111100111000000000011011000101000101000


11010000011000000000011111001100000110111000010011111000000000011111000101010101011
11010111100100001100001100101000011010111010010100111000100000011111000101001101011
11000001100100000100100000110000011100111000111100111001100000011011000101000101000
01000001100100000010100000110000011100111010111100111000000000001011000111000100010
01000001100100000010100010010000001100111010111101111000000000001011000101000100000
01010001100100000001011111100000001110111010110100111000000000011111000101000101011
01000001100100000100000000100000011100111010111100111000100000011011000101000101000
01000001100100000100100000110000011100111010111100111000000000011011000101000101000
11010101100100000000001111001100001010111010110101001001110100101110100101011101011
10011000000100000000001111000000000110111100110100011001110000000111100101000101011
10000101100100000000000011001000000100111110110100011001110000001011100101001101000
11000001100100000001010011000000000100111001111110111001000000011011000101000101000
11000001100100000001010001000000011100111010111110111000000000011011000101000101000
11000001100100000101010000100000011100111010111100111000000000011011000101000101000
11000001100100000100100000110000011100111010111100111000000000011011000101000101000
10011000011100000010001111001000001110111110110100011001110000001110100101000101011
10000111100100000000000011001000000100111110110100011001110000000011100101001101000
10000001100100000001010011000000000100111101110110011001000000011011000101000101000
11000001100100000001010001000000010100111010111110111000000000011011000101000101000
11010000001100001001011101100100011110111010010111111001100100111111000101010101011
11010111100100000100001100101000011110111010110100111001100000011111000101001101011
00001000000100000000100000010010010100111100110100111000110000001010100101000100000
00000101100100010010100010101000001100111110110100011000000000000011000101001100000
00000001110100000001010011100000000100111100110100011000000000011011000101000101000
01000011100100000101010000101000010100111010111100111000000000011011000101001101000
01000001100100000100100000110000011100111000111100111000000000011011000101000101000
10010001110000000000001111001100000110110100110001011001110100100100100001010001011
10010011100000001000001111001000000010111110110000001001110000000111100101001101011
10001000001100000000000011000000000000111100110100001001110000001011100101000101000
11000111100100000001010011001000000100111011111110111001000000011011000101001101000
11000001100100000001010001000000011100111000111110111000000000011011000101000101000
10000111100100001001000011001000001000111110100100001001110000000011100101001101000
10001000001100000001010011000000000100111101110110011001000000011011000101000101000
11000111100100000001010001001000010100111010111110111000000000011011000101001101000
11000001100100000101010000100000011100111000111100111000000000011011000101000101000
10010000011000000010001111010110001110111110010000011001100100100111000101010101011
10010111100100010000001111001000000000111110110100001001110000001111100101001101011
11000001110100000000000011000000000100111000111100111001110000001011100101000101000
11000011100100000001010011001000001100111011111110111001000000011011000101001101000
10111000000010000000001111000011000110110100110001011001110100101100100101000001011
10010101100100010000001111001000000010111110110100001001110000000111100101001101011
10001000011100000000000011000000000100111100110100011001110000001011100101000101000
10010000011000000000001111000000001100111100000001011000110000001110100101000101011
10010111100100000000001111001000000010111110110100001001110000000111100101001101011
10001000001100000000000011000000000100111100110100011001110000001011100101000101000

