01000001100100000010100010010000001100111010111101111000000000001011000101000100000
01010001100100000001011111100000001110111010110100111000000000011111000101000101011
01000001100100000100000000100000011100111010111100111000100000011011000101000101000
01000001100100000100100000110000011100111010111100111000000000011011000101000101000
01000001100100000010100000110000011100111010111100111000000000001011000111000100010


00010111100100010001011101011100010110110110100101111100100000011111000001011001011
01010000011000000100001100110000011110111000010000111001100000011111000101000101011
01000111100100000100100000111000011000111010011100111001100000011011000101001101000
01000001100100000010100000110000011100111000111100111000000000001011000111000100010
01000001100100000010100010010000001100111010111101111000000000001011000101000100000
01010001100100000001011111100000001110111010110100111000000000011111000101000101011
01000001100100000100000000100000011100111010111100111000100000011011000101000101000
01000001100100000100100000110000011100111010111100111000000000011011000101000101000
01000001100100000010100000110000011100111010111100111000000000001011000111000100010
10001000011000000010010011010000001100110101110011011000000000010000000101000001000
10010111100100000011011101001000010010111110010110011000000000010111000101001101011
10001000011100000100000000100000010100111100110100111000100000011011000101000101000
11000111100100000100100000111000011100111010111100111000000000011011000101001101000

