0100001100010000010100010110000111110101111001110000000000001011000101001000000
0100001100010000001010011100000111110101111001110000000000011011000101001010000
0100001100010000101010000100001111110101111001110000000000011011000101001010000
0100001100010000100100000110001111110101111001110000000000011011000101001010000
0100001100010000010100000110001111110101111001110000000000001011000111001000100
0100001100010000010101010010100111110101111011110000000000001011000101001000000
0110001110010000000001111100100111110101101011110000000000001111000101001010011
0110001110010000000001011100100111110101101011111000100100101111000101001010011
0110001110010000000001011100000111110101101001110001100000001111000101001010010
0100001100010000000000011000000111110101111001110001110000001011100101001010000
0100001100010000001010011000000111110101111001110001000000011011000101001010000
0100001100010000101010000000001111110101111001110000010000011011100101001010000
0100001100010000100100000100000111110101111001110000000000011011000101001010000
0100001100010000000100000100001111110101111001110000000000001011000101001000000
0100001100010000000100000110001111110101111001110000000000001011000101001000000


0010001110010000000001001100100111101001001010111000000000001111000101000010011
0110001110010000000101000100001011110101101001110000100000001111000101001000010
0100001100010000000100000110001111110101111001110001100000001011000101001000000
0100001100010000010100010110000111110101111001110000000000001011000101001000000
0100001100010000001010011100000111110101111001110000000000011011000101001010000
0100001100010000101010000100001111110101111001110000000000011011000101001010000
0100001100010000100100000110001111110101111001110000000000011011000101001010000
0100001100010000010100000110001111110101111001110000000000001011000111001000100
0100001100010000010101010010100111110101111011110000000000001011000101001000000
0110001110010000000001111100100111110101101011110000000000001111000101001010011
0110001110010000000001011100100111110101101011111000100100101111000101001010011
0110001110010000000001011100000111110101101001110001100000001111000101001010010
0100001100010000000000011000000111110101111001110001110000001011100101001010000
0100001100010000001010011000000111110101111001110001000000011011000101001010000
0100001100010000101010000000001111110101111001110000010000011011100101001010000
0100001100010000100100000100000111110101111001110000000000011011000101001010000
0100001100010000000100000100001111110101111001110000000000001011000101001000000
0100001100010000000100000110001111110101111001110000000000001011000101001000000
0100101101010010010100000101001011110101111001110000000000001011000101011000000
0100001101010000000100000110001111110001111001110000000000001011000101001000000
1111000010000000011011001100101111110110100111111000000000011111000101001010011
1110001110010000000001001100001101110100101001110000100000001111000101001010010
1100001100010000000100000110001111110101111001110001100000001011000101001000000
0000111100010010000000001101001001101100001000010000100000001011000101010010000
0100001101010000000100000110001011110001111001110000000000001011000101001000000
1001000001100000000011011000100111111001100110110001000000010011000101001010000
1010111110010000100011100001101001111100101010110000010000011111100101011010011
1111000011110000100101000100100011110001101011111000100100111111000101001010011
0110111110010000000101000101001111110101101001110001100000001111000101011000010
0100001100010000000100000110001111110001111001110001100000001011000101001000000
0001000001010000000000011001000111101001101000110001110000000011100001000010000
0000101100000001001010011001000011111101100000110001000000011011000101011010000
0100001100010000101010000000001001110000111001110000010000011011100101001010000
0101000001110000100100000100000111110101111001110000000000011011000101001010000
0100111100010000000100000101001111110101111001110000000000001011000101011000000
0100001100010000000100000110001111110001111001110000000000001011000101001000000
0110001110010010000101100100100011100101101011111000100100101111000101000000011
0110001111010000000101000100001111110101101001110001100000001111000101001000010
0100111100010010000000001001000011110101001001110100010000000011100101011010000
0000000001010000000100000100000111111000101000110000000000001011000101001000000
0100101100010000000100000101001011110101111001110000000000001011000101011000000
0000000000010000000100000001001101101000101000110100010000001011100101000000000
0100000001110001000100000100000011110100111001110000000000001011000101001000000
0100001100010000010000011001000111100001111001110001110000000011100001000010000
0000001100000001001010011000000111111101100000110001000000011011000101001010000
0100001100010000101010000000001001110100111001110000010000011011100101001010000
0000000000010000000000001101001111111001101001110000000000001011000101001010000
0100001100010001000100000110001111110101111001110000000000001011000101001000000
0011000010010000100101100001001101101000001000110100010000011111100101000000010
0100000001110001000100000100000011110100111001110000100000001011000101001000000
0100111100010000000100000101001111110101111001110001000000001011000101011000000
0001000000010010010100000000001001101100101000110000010000000011100101000000000
0001000001110000000100000100000011111101101000110000000000001011000101001000000
0100111100010000000100000101001011110101111001110000000000001011000101011000000
0001110000010000000100000001001011111100001001110100010000001011100101011000000
0100000001110000000100000100000111110000111001110000000000001011000101001000000
0000111100010010000100000001001111111101101001110100010000001011100101011000000
0001000001110011000000011101000001101100101000010000100000001011000001000010000
0100111101000000001010011001000011110101110001110001000000011011000101011010000
0100001100010000101010000000001101110000111001110000010000011011100101001010000
0000111101010010001000011001000001101101101000010001110000001011100001010010000
0100001101000000001010011000000011110001110001110001000000011011000101001010000
0100001100010000101010000000001101110100111001110000010000011011100101001010000
0100001100010010000100000001001111100101111001110100010000000011100001000000000
0000000001000000000100000100000111111100100000110000000000001011000101001000000
0100101100010000000100000101001001110100111001110000000000001011000101011000000
0000001100010000010000011001000011101101101000110100110000001011100001000010000
0100000000100000001010011000000011110100110001110001000000011011000101001010000
0100011100010000101010000001001101110100111001110000010000011011100101011010000
0101000001110000100100000100000111110001111001110000000000011011000101001010000
0000001100010010000000001011001001111100101000110100010000001011100101001010000
0100000001110000010100000100000011110100111001110000000000001011000101001000000

