0100001100010000001010011000000111110101111001110001000000011011000101001010000
0100001100010000101010000000001111110101111001110000010000011011100101001010000
0100001100010000100100000100000111110101111001110000000000011011000101001010000
0100001100010000000100000100001111110101111001110000000000001011000101001000000
0100001100010000000100000110001111110101111001110000000000001011000101001000000
0100001100010000010100010110000111110101111001110000000000001011000101001000000
0100001100010000001010011100000111110101111001110000000000011011000101001010000
0100001100010000101010000100001111110101111001110000000000011011000101001010000
0100001100010000100100000110001111110101111001110000000000011011000101001010000
0100001100010000010100000110001111110101111001110000000000001011000111001000100
0100001100010000010101010010100111110101111011110000000000001011000101001000000
0110001110010000000001111100100111110101101011110000000000001111000101001010011
0110001110010000000001011100100111110101101011111000100100101111000101001010011
0110001110010000000001011100000111110101101001110001100000001111000101001010010
0100001100010000000000011000000111110101111001110001110000001011100101001010000


0010011110000000000001111101100101101101100010010001100000001100000101010010011
0110001110010000000001011000100001110001101010011001110100100111100101001010011
0011000010010000000001011000000011111101101000110001110000001111100101001010010
0100001100010000000000011000000011110101111001110001110000001011100101001010000
0100001100010000001010011000000111110101111001110001000000011011000101001010000
0100001100010000101010000000001111110101111001110000010000011011100101001010000
0100001100010000100100000100000111110101111001110000000000011011000101001010000
0100001100010000000100000100001111110101111001110000000000001011000101001000000
0100001100010000000100000110001111110101111001110000000000001011000101001000000
0100001100010000010100010110000111110101111001110000000000001011000101001000000
0100001100010000001010011100000111110101111001110000000000011011000101001010000
0100001100010000101010000100001111110101111001110000000000011011000101001010000
0100001100010000100100000110001111110101111001110000000000011011000101001010000
0100001100010000010100000110001111110101111001110000000000001011000111001000100
0100001100010000010101010010100111110101111011110000000000001011000101001000000
0110001110010000000001111100100111110101101011110000000000001111000101001010011
0110001110010000000001011100100111110101101011111000100100101111000101001010011
0110001110010000000001011100000111110101101001110001100000001111000101001010010
0100001100010000000000011000000111110101111001110001110000001011100101001010000
0011000010010010000001001101101011101100001011110001000000000111000001000010011
0010001111000000000101000110101111111101100011111000100100101111000101001000011
0110001110010000010101010110000101110101101000010001100000001111000101001000010
0010000010100010000001111011100111101100100010110000000000001100000001000010011
0110011111000000000001011001100001110101100010011000110100100111100101011010011
0011000010010000000001011000000001111001101000010001110000001111100101001010010
0110000011010000000001101100101111100100001011110000000000000111000001000010011
0010101110000000000101000111101111111101100011111000100100101111000101011000011
0110001110010000010101010110000101110001101000010001100000001111000101001000010
0011110010000000000001111001100101101101100010010000110000001100100001010010011
0110001110000000000001011000100001110001100010011001110100100111100101001010011
0011000010010000000001011000000001111101101000010001110000001111100101001010010
0010011110010000000001001101101101111100101010111000100100101111000101011010011
0110001110010000000101000110001011110001101001110001100000001111000101001000010
0100001100010000010100010110000111110101111001110001100000001011000101001000000
0000000001000000000101000011101111111101100011111001110100100011100111001000100
0010101110010000010101110001000101111101101000010000110000001111100101011000010
0100001100010000000000011000000011110001111001110001110000001011100101001010000
0010001111010000000101000100100111101001101010110000000000001111000101000000011
0110001110010000000101000100101011110101101011111000100100101111000101001000011
0110001110010000000101000110001111110101101001110001100000001111000101001000010
0001110000000010010001011001100011111101100010111000010000001011100101011010000
0110001111010000000001111000000001110001101000010000110000001111100101001010010
0010011111010000000001011001100011101101001010110001010000000111100001010010011
0010001110000000000001011000100011111001100010111000110100101111100101001010011
0110001110010000000001011000000001110101101000010001110000001111100101001010010
0011000011000000010101110101100101111101100010011001100100101111000101001000011
0110101110010000000001011001000001110101101000010001110000001111100101011010010
0011010010000010000101100101101101111100000010110001000000000111000101011000011
0011000011110000000101000110101001111000101010111000100100101111000101001000011
0110111110010000010101010111000011110101101001110001100000001111000101011000010
0100001100010000000000011000000111110001111001110001110000001011100101001010000
0011000011110010000101100101101101111100001010111001000000001111000101001000011
0110111111010000000101000111001011110101101001110000100000001111000101011000010
0100001100010000010100010110000111110001111001110001100000001011000101001000000
0010000010000010010101110101100011111101100010111000100100101111000101001000011
0110001111010000000001011100000001110101101000010001100000001111000101001010010
1110001110000001000001101111101101110100100011110000000000000111000101001010011
1011000011110000000101000110101101111100101010111000100100101111000101001000011
0010000011100000011001011001100111111000100010111000010000001111100101001010011
0110111110010001000001011001000001110101101000010000110000001111100101011010010
0000001100000000000001011001100011111001100010111001110100100011100101001010000
0010001110010001000001111000000001111101101000010001110000001111100101001010010
0011000010000000000001101100101011111001100011111000100100100111000101001010011
0010001110010000000101000110001101111100101000110001100000001111000101001000010
0100001100010000010100010110000011110101111001110001100000001011000101001000000
0011000010000010000001011001100011111100100010111000010000001111100101001010011
0110001111010000000001011000000001110101101000010000110000001111100101001010010
0010111111000000000001011001100011101101100010110001010000001100100001010010011
0110001110000000000001011000100001110001100010011000110100100111100101001010011
0001000001100011000001011000100011111100100010111001010000001011100101001010000
0110111111010000000001111001000001110101101000010000110000001111100101011010010
0010000010010000000001111000000111101100101000110001110000001111100101000010010
0100000001100000010001011000100011110101000011111100010000001011100101001010000
0110110010010000000001111101000101110100101000010000100000001111000101011010010
0001000001000010000101000010101111111101100011111001110100100011100111001000100
0010101111010000010101110001000101111101101000010000110000001111100101011000010
0111000010010000000101000111101101110000001011110100000000000111000101001000011
0011000011110001010101010110100111111100101010111000100100101111000101001000011
0110111110010000000001011101000011110101101001110001100000001111000101011010010
0011000011100000010001111000100111111101100010111000010000000111100101001010011
0010111110010000000001011001000001111101101000010000110000001111100101011010010
0011000011100000010001111000100001101001100010010000110000001100100001000010011
0110111110000000000001011001100001110101100010011001110100100111100101011010011

