0100001100010000100100000100000111110101111001110000000000011011000101001010000
0100001100010000000100000100001111110101111001110000000000001011000101001000000
0100001100010000000100000110001111110101111001110000000000001011000101001000000
0100001100010000010100010110000111110101111001110000000000001011000101001000000
0100001100010000001010011100000111110101111001110000000000011011000101001010000
0100001100010000101010000100001111110101111001110000000000011011000101001010000
0100001100010000100100000110001111110101111001110000000000011011000101001010000
0100001100010000010100000110001111110101111001110000000000001011000111001000100
0100001100010000010101010010100111110101111011110000000000001011000101001000000
0110001110010000000001111100100111110101101011110000000000001111000101001010011
0110001110010000000001011100100111110101101011111000100100101111000101001010011
0110001110010000000001011100000111110101101001110001100000001111000101001010010
0100001100010000000000011000000111110101111001110001110000001011100101001010000
0100001100010000001010011000000111110101111001110001000000011011000101001010000
0100001100010000101010000000001111110101111001110000010000011011100101001010000


0000000001100000010101000010101011101000100011111000110100100000100111000000100
0010111110010000010101110001000101111101101000010000110000000111100101011000010
0001000000110000000000011000000011111001101000110001110000001011100101001010000
0100011100010000001010011001000011110101111001110001000000011011000101011010000
0100001100010000101010000000001111110001111001110000010000011011100101001010000
0100001100010000100100000100000111110101111001110000000000011011000101001010000
0100001100010000000100000100001111110101111001110000000000001011000101001000000
0100001100010000000100000110001111110101111001110000000000001011000101001000000
0100001100010000010100010110000111110101111001110000000000001011000101001000000
0100001100010000001010011100000111110101111001110000000000011011000101001010000
0100001100010000101010000100001111110101111001110000000000011011000101001010000
0100001100010000100100000110001111110101111001110000000000011011000101001010000
0100001100010000010100000110001111110101111001110000000000001011000111001000100
0100001100010000010101010010100111110101111011110000000000001011000101001000000
0110001110010000000001111100100111110101101011110000000000001111000101001010011
0110001110010000000001011100100111110101101011111000100100101111000101001010011
0110001110010000000001011100000111110101101001110001100000001111000101001010010
0100001100010000000000011000000111110101111001110001110000001011100101001010000
0100001100010000001010011000000111110101111001110001000000011011000101001010000
0100001100010000101010000000001111110101111001110000010000011011100101001010000
0011000011100000000001011011100111101101000010111000000000000100000001000010011
0010111110000000010001011001000001111101100000010000110000000111100101011010010
0001000000110000000000011000000001111001101000010001110000001011100101001010000
0000001101000000000100000010001011101101100001110000010000001000100101000000000
0100001100010000010100010100000101110101111000010000100000000011000101001000000
0001000000010000001010011000000011111101101000110001000000011011000101001010000
0100001100010000101010000000001011110101111001110000010000011011100101001010000
1011110010000010000101100101101101101100000010111000000000001100000001010000011
0110001111000000000101000110001001110000100001110000100000000111000101001000010
0001000001110000010100010110000101111101101000010001100000001011000101001000000
0100111100010000001010011001000011110101111001110001000000011011000101011010000
0010110010010000000001111001000101111100001000010000110000000111100101011010010
0001000001110000000000011000000011111001101000110001110000001011100101001010000
0000000001110000010000011000000101111000101000010000110000001011100101001010000
0100101101000010010001011001100011100101110011111000010000000000100101010010000
0010001111010000000001111100000101111001101000010000100000000111000101001010010
0001000000110000000000011000000011111101101000110001110000001011100101001010000
0000101100000000000100000011001101111100100000110101110000001011100101011000000
0100000001110000010100010000000001110000111000010000110000001011100101001000000
0001110000000010000001011001100111101101100010111000111111100000111101010010000
0010001111010000000001111001000001111001101000010101110000000111100101001010010
0001000000110001000000011000000011111100101000110001110000001011100101001010000
0010001111000010010101110000000111111101100000110100010000001111100101001000010
0100000001110000000000011000000001110100111000010000110000001011100101001010000
0000110000010010011010011001000111111100101000110000000000010011000101011010000
0000001101010000101010000000001011111001101001110000010000011011100101001010000
0000001100010001000000011001000111101101101000110001110000000011100101000010000
0000001100010000001010011000000011111101101000110001000000011011000101001010000
0111000010000010000001011001000101110101100000010100110000000111100101001010010
0001000001010000000000011000000001111100101000010001110000001011100101001010000
0100101100010000001010011001000011110101111001110001000000011011000101011010000
0100000001000000000100000010001111100000110001110000010000001000100101000000000
0100101100010000010100010101000101110101111000010000100000000011000101011000000
0001000000010000001010011000000011111001101000110001000000011011000101001010000
0000000000010000000000011000000011101001101000110001010000000011100101000010000
0000001100010000001010011000000011111101101000110000000000011011000101001010000
0000000001010000010000011100000111111001101000110000100000001011000101001010000
0100101100010000001010011101000011110101111001110001000000011011000101011010000
0100000000110000000000011100000001110101111000010001100000001011000101001010000
0001000001000010000001011001100011101101000010111001010000000000100001000010000
0010101111000000000001111001000001111101100000010000110000000111100101011010010
0001000001110000011000011000000011101100101000110000110000000011100101000010000
0000111100010000001010011001000011111101101000110001000000011011000101011010000
0100001100010000101010000000001011110001111001110000010000011011100101001010000
0010001110010000010001011001000101111001101000010101110000000111100101001010010
0111000011100000010001111000100001100101100010011100110000001100100101000010011
0110110010010000000001011001000001110100101000010001110000000111100101011010010
0011110010010010011001111001000101111101101000010000110000000111100101011010010
0010001110010010000001011001000011111101001000110101010000001111100101001010010
0100000001110000000000011000000011110100111001110000110000001011100101001010000
0100111100010000001010011101000111110101111001110001000000011011000101011010000
0001110000000000000001011001100111101101000010111001010000000000100101010010000
0010001110010000000001111000000001111001101000010000110000000111100101001010010
0010001110010000000001011010000111111001101000110100000000001111000101001010010
0100000000110000010000011000000011110100111001110000110000001011100101001010000
0100011100010000001010011101000111110101111001110001000000011011000101011010000
0001000000010001000010001001000011111100001000110000000000010011000101001010000
0000001100010000101010000000001011111101101001110000010000011011100101001010000
0010001111010010010001011000000001111101101000010100110000001111100101001010010
0100000001110000000000011000000011110100111001110001110000001011100101001010000
0100111100010000001010011001000111110101111001110001000000011011000101011010000
0010001110010000000001111110000011101001101000110100000000001111000101000010010
0100000000110000000000011100000011110100111001110000100000001011000101001010000

