0100001101010010101010000000011111110101111001110000010000011011100101001110000
0100001101010010100100000100010111110101111001110000000000011011000101001110000
0100001101010010000100000100011111110101111001110000000000001011000101001100000
0100001101010010000100000110011111110101111001110000000000001011000101001100000
0100001101010010010100010110010111110101111001110000000000001011000101001100000
0100001101010010001010011100010111110101111001110000000000011011000101001110000
0100001101010010101010000100011111110101111001110000000000011011000101001110000
0100001101010010100100000110011111110101111001110000000000011011000101001110000
0100001101010010010100000110011111110101111001110000000000001011000111001100100
0100001101010010010101010010110111110101111011110000000000001011000101001100000
0110001111010010000001111100110111110101101011110000000000001111000101001110011
0110001111010010000001011100110111110101101011111000100100101111000101001110011
0110001111010010000001011100010111110101101001110001100000001111000101001110010
0100001101010010000000011000010111110101111001110001110000001011100101001110000
0100001101010010001010011000010111110101111001110001000000011011000101001110000


0011000010000010000001111000010001111101000000010000110000001111100101001110010
0100001101010010000000011000010001110101111000010001110000001011100101001110000
0100001101010010001010011000010011110101111001110001000000011011000101001110000
0100001101010010101010000000011111110101111001110000010000011011100101001110000
0100001101010010100100000100010111110101111001110000000000011011000101001110000
0100001101010010000100000100011111110101111001110000000000001011000101001100000
0100001101010010000100000110011111110101111001110000000000001011000101001100000
0100001101010010010100010110010111110101111001110000000000001011000101001100000
0100001101010010001010011100010111110101111001110000000000011011000101001110000
0100001101010010101010000100011111110101111001110000000000011011000101001110000
0100001101010010100100000110011111110101111001110000000000011011000101001110000
0100001101010010010100000110011111110101111001110000000000001011000111001100100
0100001101010010010101010010110111110101111011110000000000001011000101001100000
0110001111010010000001111100110111110101101011110000000000001111000101001110011
0110001111010010000001011100110111110101101011111000100100101111000101001110011
0110001111010010000001011100010111110101101001110001100000001111000101001110010
0100001101010010000000011000010111110101111001110001110000001011100101001110000
0100001101010010001010011000010111110101111001110001000000011011000101001110000
0110000010000000000001011000010101110101000000010101110000000111100101001110010
0001000000010010000000011000010001111100101000010001110000001011100101001110000
0011000010010000000001111101010111101101101000110001100000000111000101000110010
0000001100010010000000011000010011111101101000110001110000001011100101001110000
0010000010010010000001011001010011111100101000110000110000000111100101001110010
0000001101010010000000011000010011111101101000110001110000001011100101001110000
0100001101010000000001011001110111100101111011111100110100101011100001000110000
0110000010000010000001111100010111110100100001110001000000001111000101001110010
0100001101010010000000011000010101110101111000010000110000001011100101001110000
0011000010010001011001011011010111111100101000110000000000000111000101001110010
0000001100010010010000011000010011111101101000110000110000001011100101001110000
1010001111000000010101000010011001111000100000010000110000001111100101001100010
0100001100010010010100010000010001110101111000010001110000001011100101001100000
0011000010000000000001111000010011111000100000110000110000001111100101001110010
0100001100010010000000011000010001110101111000010001110000001011100101001110000

