0100001100010000010100000110001111110101111001110000000000001011000111001000100
0100001100010000010101010010100111110101111011110000000000001011000101001000000
0110001110010000000001111100100111110101101011110000000000001111000101001010011
0110001110010000000001011100100111110101101011111000100100101111000101001010011
0110001110010000000001011100000111110101101001110001100000001111000101001010010
0100001100010000000000011000000111110101111001110001110000001011100101001010000
0100001100010000001010011000000111110101111001110001000000011011000101001010000
0100001100010000101010000000001111110101111001110000010000011011100101001010000
0100001100010000100100000100000111110101111001110000000000011011000101001010000
0100001100010000000100000100001111110101111001110000000000001011000101001000000
0100001100010000000100000110001111110101111001110000000000001011000101001000000
0100001100010000010100010110000111110101111001110000000000001011000101001000000
0100001100010000001010011100000111110101111001110000000000011011000101001010000
0100001100010000101010000100001111110101111001110000000000011011000101001010000
0100001100010000100100000110001111110101111001110000000000011011000101001010000


1100001100010010000001011010100111110101111011111100000000000011000101001010000
1010000011010000010001111100000111111100101000110000000000001111000101001010010
1100101100010000000000011101000011110101111001110000100000001011000101011010000
1100001100010000001010011100000111110011111101110001000000011011000101001010000
1100001100010000001010001000001111110101111101110000000000011011000101001010000
1100001100010000101010000100001111110101111001110000000000011011000101001010000
1100001100010000100100000110001111110101111001110000000000011011000101001010000
0100001100010000010100000110001111110101111001110000000000001011000111001000100
0100001100010000010101010010100111110101111011110000000000001011000101001000000
0110001110010000000001111100100111110101101011110000000000001111000101001010011
0110001110010000000001011100100111110101101011111000100100101111000101001010011
0110001110010000000001011100000111110101101001110001100000001111000101001010010
0100001100010000000000011000000111110101111001110001110000001011100101001010000
0100001100010000001010011000000111110101111001110001000000011011000101001010000
0100001100010000101010000000001111110101111001110000010000011011100101001010000
0100001100010000100100000100000111110101111001110000000000011011000101001010000
0100001100010000000100000100001111110101111001110000000000001011000101001000000
0100001100010000000100000110001111110101111001110000000000001011000101001000000
0100001100010000010100010110000111110101111001110000000000001011000101001000000
0100001100010000001010011100000111110101111001110000000000011011000101001010000
0100001100010000101010000100001111110101111001110000000000011011000101001010000
0100001100010000100100000110001111110101111001110000000000011011000101001010000
1000111100010011001010001001000111101111101100110001100000011011000101010010000
1100001101010000001010001000001011110001111101110001000000011011000101001010000
0000001101010010000000011001000011111101001000110100010000001011100101001010000
0100000001110000001010011000000011110100111001110000000000011011000101001010000
0100111100010000101010000101001111110101111001110000000000011011000101011010000
0100001100010000100100000110001111110001111001110000000000011011000101001010000
1010011111000000010001111001100001111101100010011100110100100111100101011010011
1011000010110000000001011000000001111000101000010001110000001111100101001010010
1100011100010000000000011001000011110101111001110001110000001011100101011010000
1100001100010000001010011000000111110011111101110001000000011011000101001010000
1010000011100000011001011100000011101100100000110001100000000100000101000010010
1000111100010000000000011001000001111101101000010001110000000011100101011010000
1001000000110000001010011000000011111011101100110001000000011011000101001010000
1100011100010000001010001001001011110101111101110000000000011011000101011010000
1100001100010000101010000100001111110001111001110000000000011011000101001010000
0000000000010000000000001110001111101001001001110000000000001011000101000010000
1001000001110010000001011001100111111100101010111000111111100011111101001010000
1010111111010000000001111001000011111101101000110101010000001111100101011010010
1100000000110000000000011000000011110000111001110000110000001011100101001010000
1100011100010000001010011101000111110111111101110001000000011011000101011010000
1100001100010000001010001000001111110001111101110000000000011011000101001010000
1001000001110000000000011001000111101001101000110001010000000011100101000010000
1000111100010001001010011001000011111111101100110000000000011011000101011010000
1100001100010000001010001000001011110001111101110000000000011011000101001010000
1010001110010010000011011010100111101111001110110100000000010111000001000010011
1010000011100000010011001000101011111100100111111000100100111111000101001010011
1110111110010000100001000101001101110100101001110001100000011111000101011010010
1100001100010000100100000110001111110001111001110001100000011011000101001010000
1011000011000010010001011000000111111100000000110000010000001111100101001010010
1100101101010000000000011001000001110101111000010000110000001011100101011010000
1100001100010000001010011000000011110011111101110001000000011011000101001010000
1010111110000000000001011001000001111101100000010100110000001111100101011010010
1100000000110000000000011000000001110000111000010001110000001011100101001010000
1100011100010000001010011001000011110111111101110001000000011011000101011010000
1000111100000010010001011011100001111101000010011100100000000011000101011010000
1011000011110000010001111000000001111000101000010000110000001111100101001010010
1100111100010000000000011001000011110101111001110001110000001011100101011010000
1010000011000000000001011001000101111100000000010000110000001111100101001010010
1100101100010000000000011001000001110101111000010001110000001011100101011010000
1011000011100000000001011001000111101101100000110001110000001100100101000010010
1100111100010000000000011001000001110101111000010001110000000011100101011010000
1001000000010000001010011000000011111011101100110001000000011011000101001010000
1100001100010000001010001000001011110101111101110000000000011011000101001010000
1010000010000000000001111001100111101000100010111000110100101100100001000010011
1110001110000001000001011000000001110101100000010001110000000111100101001010010
1001000000010000000000011000000001111101101000010001110000001011100101001010000
1100001100010000001010011000000011110111111101110001000000011011000101001010000
1000000001110010000000011000000011111101101000110001010000000011100101001010000
1000111101010000001010011001000011111111101100110000000000011011000101011010000
1000001100010000010000011001000001101001101000010100110000001011100101000010000
1100000000110001001010011000000011110110111101110001000000011011000101001010000
1100011100010000001010001001001111110101111101110000000000011011000101011010000
1001000000100010000001011001100001101100100010011001110000001000100101000010000
1110011111010000000001111001000001110101101000010001110000000111100101011010010
1001000000010000000000011000000011111001101000110001110000001011100101001010000
1001000000010000010000011000000111101101101000110001110000001011100101000010000
0111000010010010000011011001100111110100101011111000100100110111000101001010011
0010001111010000100011000100001111111101101001110001100000011111000101001010010
0100001100010000100100000110001111110101111001110001100000011011000101001010000
0000100000010010000010001101000111101100001000110000000000010011000001010010000
0000001101000000101010000100001011111001100001110000000000011011000101001010000
0100001100010000100100000110001101110100111001110000000000011011000101001010000
1001010000000000010001011001100101111100100010011000110000000011100101011010000
1011000011110000000001111000000001111001101000010001110000001111100101001010010

