0100001100010000101010000100001111110101111001110000000000011011000101001010000
0100001100010000100100000110001111110101111001110000000000011011000101001010000
0100001100010000010100000110001111110101111001110000000000001011000111001000100
0100001100010000010101010010100111110101111011110000000000001011000101001000000
0110001110010000000001111100100111110101101011110000000000001111000101001010011
0110001110010000000001011100100111110101101011111000100100101111000101001010011
0110001110010000000001011100000111110101101001110001100000001111000101001010010
0100001100010000000000011000000111110101111001110001110000001011100101001010000
0100001100010000001010011000000111110101111001110001000000011011000101001010000
0100001100010000101010000000001111110101111001110000010000011011100101001010000
0100001100010000100100000100000111110101111001110000000000011011000101001010000
0100001100010000000100000100001111110101111001110000000000001011000101001000000
0100001100010000000100000110001111110101111001110000000000001011000101001000000
0100001100010000010100010110000111110101111001110000000000001011000101001000000
0100001100010000001010011100000111110101111001110000000000011011000101001010000


0000001100010010000000011000000111101101101000110000010000001011100101000010000
0100001101010000001010011000000011110101111001110000000000011011000101001010000
0100001100010000101010000100001111110101111001110000000000011011000101001010000
0100001100010000100100000110001111110101111001110000000000011011000101001010000
0100001100010000010100000110001111110101111001110000000000001011000111001000100
0100001100010000010101010010100111110101111011110000000000001011000101001000000
0110001110010000000001111100100111110101101011110000000000001111000101001010011
0110001110010000000001011100100111110101101011111000100100101111000101001010011
0110001110010000000001011100000111110101101001110001100000001111000101001010010
0100001100010000000000011000000111110101111001110001110000001011100101001010000
0100001100010000001010011000000111110101111001110001000000011011000101001010000
0100001100010000101010000000001111110101111001110000010000011011100101001010000
0100001100010000100100000100000111110101111001110000000000011011000101001010000
0100001100010000000100000100001111110101111001110000000000001011000101001000000
0100001100010000000100000110001111110101111001110000000000001011000101001000000
0100001100010000010100010110000111110101111001110000000000001011000101001000000
0100001100010000001010011100000111110101111001110000000000011011000101001010000
0100001100010000000100000010001011110001111001110100110000000011100101001000000
0000000000010000010100010100000111111100101000110000000000001011000101001000000
0100001100010000001010011100000011110101111001110000000000011011000101001010000
0001000001010000000000001100000011101101101000110000101111101011011001000010000
0000101100000000000100000101001011111101100001110101000000001011000101011000000
0100000000110000000100000110001101110000111001110000000000001011000101001000000
0100011100010000010100010111000111110101111001110000000000001011000101011000000
0100001100010000001010011100000111110001111001110000000000011011000101001010000
0001000000000000010000001101001101111000100000110100000000001011000101001010000
0100000001110001000100000110001001110100111001110000000000001011000101001000000
0100111100010000010100010111000111110101111001110000000000001011000101011000000
0001100000010010110100000101001011111100101001110101100000010011000101011010000
0000000001110000000100000110001111111000101001110000000000001011000101001000000
0001000001010010000100000111001111111101101001110001100000000011000101001000000
0000101101010000010100010111000111111101101000110000000000001011000101011000000
0100001100010000001010011100000011110001111001110000000000011011000101001010000
0011110010000000110001100101100111101101100010111000100100110100000101010010011
0010001110010000100101000100001001111000101000110001100000010111000101001010010
0001000001110000000100000110001011111101101001110001100000001011000101001000000
0000011100000010000100000101000011101101000000110000000000000000000101010000000
0000001101010000000100000100001001111000101000110000000000000011000101001000000
0001000001110000000100000110001011111101101001110000000000001011000101001000000
0000001100010000010000011101000011111001001000110000000000001011000101001010000
0100001100010001001010011100000011110101111001110000000000011011000101001010000
0100111101010000000000011001000011110101001001110001010000001011100101011010000
0100001100010000001010011000000111110001111001110000000000011011000101001010000
0100111100010000000100000011001111110101111001110000010000000011100101011000000
0000001100010000010100010100000111111001101000110000000000001011000101001000000
0000110000010000000000011011000011111101001000110000000000001011000101011010000
0100001100010000011010011000000011110001111001110000000000011011000101001010000

