0100001100010000100100000110001111110101111001110000000000011011000101001010000
0100001100010000010100000110001111110101111001110000000000001011000111001000100
0100001100010000010101010010100111110101111011110000000000001011000101001000000
0110001110010000000001111100100111110101101011110000000000001111000101001010011
0110001110010000000001011100100111110101101011111000100100101111000101001010011
0110001110010000000001011100000111110101101001110001100000001111000101001010010
0100001100010000000000011000000111110101111001110001110000001011100101001010000
0100001100010000001010011000000111110101111001110001000000011011000101001010000
0100001100010000101010000000001111110101111001110000010000011011100101001010000
0100001100010000100100000100000111110101111001110000000000011011000101001010000
0100001100010000000100000100001111110101111001110000000000001011000101001000000
0100001100010000000100000110001111110101111001110000000000001011000101001000000
0100001100010000010100010110000111110101111001110000000000001011000101001000000
0100001100010000001010011100000111110101111001110000000000011011000101001010000
0100001100010000101010000100001111110101111001110000000000011011000101001010000


0101000001010000010100010010000111110100111001110000000000000011000101001000000
0000101100010000001010011101000111111101101000110000000000011011000101011010000
0100001100010000101010000100001011110001111001110000000000011011000101001010000
0100001100010000100100000110001111110101111001110000000000011011000101001010000
0100001100010000010100000110001111110101111001110000000000001011000111001000100
0100001100010000010101010010100111110101111011110000000000001011000101001000000
0110001110010000000001111100100111110101101011110000000000001111000101001010011
0110001110010000000001011100100111110101101011111000100100101111000101001010011
0110001110010000000001011100000111110101101001110001100000001111000101001010010
0100001100010000000000011000000111110101111001110001110000001011100101001010000
0100001100010000001010011000000111110101111001110001000000011011000101001010000
0100001100010000101010000000001111110101111001110000010000011011100101001010000
0100001100010000100100000100000111110101111001110000000000011011000101001010000
0100001100010000000100000100001111110101111001110000000000001011000101001000000
0100001100010000000100000110001111110101111001110000000000001011000101001000000
0100001100010000010100010110000111110101111001110000000000001011000101001000000
0100001100010000001010011100000111110101111001110000000000011011000101001010000
0100001100010000101010000100001111110101111001110000000000011011000101001010000
0000000001110000000000011000000011111100101000110000010000001011100101001010000
0100111100010000001010011001000011110101111001110000000000011011000101011010000
0100001100010000101010000100001111110001111001110000000000011011000101001010000
0001000000010000011010011100000111101101001000110000000000010011000101000010000
0000001100010000101010000100001011111101101001110000000000011011000101001010000
0001000000010010000100000011001001111100101000110100010000000011100101001000000
0001000001110000010100010100000011111100101000110000000000001011000101001000000
0100111100010000001010011101000011110101111001110000000000011011000101011010000
0100001101010000010000011000000111100101001001110000010000000011100101000010000
0000001100010000001010011100000111111101101000110000000000011011000101001010000
0100001100010000101010000100001011110101111001110000000000011011000101001010000
0001000000110010010100010110000111111101001000110000000000000011000101001000000
0000011101010000001010011101000011111101101000110000000000011011000101011010000

