0100001100010000010101010010100111110101111011110000000000001011000101001000000
0110001110010000000001111100100111110101101011110000000000001111000101001010011
0110001110010000000001011100100111110101101011111000100100101111000101001010011
0110001110010000000001011100000111110101101001110001100000001111000101001010010
0100001100010000000000011000000111110101111001110001110000001011100101001010000
0100001100010000001010011000000111110101111001110001000000011011000101001010000
0100001100010000101010000000001111110101111001110000010000011011100101001010000
0100001100010000100100000100000111110101111001110000000000011011000101001010000
0100001100010000000100000100001111110101111001110000000000001011000101001000000
0100001100010000000100000110001111110101111001110000000000001011000101001000000
0100001100010000010100010110000111110101111001110000000000001011000101001000000
0100001100010000001010011100000111110101111001110000000000011011000101001010000
0100001100010000101010000100001111110101111001110000000000011011000101001010000
0100001100010000100100000110001111110101111001110000000000011011000101001010000
0100001100010000010100000110001111110101111001110000000000001011000111001000100


1000000001110000000000011001000111101000101000110001110000000011100001000010000
1000111100000001001010011001000011111111100100110001000000011011000101011010000
1100001100010000001010001000001001110000111101110000000000011011000101001010000
1101000001110000101010000100001111110101111001110000000000011011000101001010000
1100111100010000100100000111001111110101111001110000000000011011000101011010000
0100001100010000010100000110001111110001111001110000000000001011000111001000100
0100001100010000010101010010100111110101111011110000000000001011000101001000000
0110001110010000000001111100100111110101101011110000000000001111000101001010011
0110001110010000000001011100100111110101101011111000100100101111000101001010011
0110001110010000000001011100000111110101101001110001100000001111000101001010010
0100001100010000000000011000000111110101111001110001110000001011100101001010000
0100001100010000001010011000000111110101111001110001000000011011000101001010000
0100001100010000101010000000001111110101111001110000010000011011100101001010000
0100001100010000100100000100000111110101111001110000000000011011000101001010000
0100001100010000000100000100001111110101111001110000000000001011000101001000000
0100001100010000000100000110001111110101111001110000000000001011000101001000000
0100001100010000010100010110000111110101111001110000000000001011000101001000000
0100001100010000001010011100000111110101111001110000000000011011000101001010000
0100001100010000101010000100001111110101111001110000000000011011000101001010000
0100001100010000100100000110001111110101111001110000000000011011000101001010000
0100001100010000010100000110001111110101111001110000000000001011000111001000100
1001000000110001010000011100000011101101001000110000000000000011000001000010000
1000011100000000001010011101000011111111100100110000000000011011000101011010000
1100001100010000001010001100001001110000111101110000000000011011000101001010000
0010110010010010011011111101100111111100101010110100000000011111000101011010011
0110000011110000100011000100101011110000101011111000100100111111000101001010011
0110111110010000100101000111001111110101101001110001100000011111000101011010010
0100001100010000010100000110001111110001111001110001100000001011000111001000100
1011000010000000011011011010100011111010000110110000000000010111000101001010011
1010001110010000010011001000101001111100101110111000100100111111000101001010011
1111000011110000100001000100001011110101101001110001100000011111000101001010010
1100111100010000100100000111001111110101111001110001100000011011000101011010000
1010000010100000011011111000100111111011000110110000000000011111000101001010011
1110011110010000000011001001101001110100101111111000100100111111000101011010011
1111000011110000100001000100001111110001101001110001100000011111000101001010010
1100001100000000011010001001001011110011110101110101000000010011000101001010000
1000000000010001001010001100001101111100101100110000000000011011000101001010000
1101000001110000101010000100001011110101111001110000000000011011000101001010000
1001000001100000001011011000100111101011000110111001000000011000000001000010000
1110111110000000000011101001001001110100100101110000000000010111000101011010010
1001000001110000100000000100001101111000101000110000100000011011000101001010000
1100111100010000100100000111001011110101111001110000000000011011000101011010000

