0110001110010000000001011100100111110101101011111000100100101111000101001010011
0110001110010000000001011100000111110101101001110001100000001111000101001010010
0100001100010000000000011000000111110101111001110001110000001011100101001010000
0100001100010000001010011000000111110101111001110001000000011011000101001010000
0100001100010000101010000000001111110101111001110000010000011011100101001010000
0100001100010000100100000100000111110101111001110000000000011011000101001010000
0100001100010000000100000100001111110101111001110000000000001011000101001000000
0100001100010000000100000110001111110101111001110000000000001011000101001000000
0100001100010000010100010110000111110101111001110000000000001011000101001000000
0100001100010000001010011100000111110101111001110000000000011011000101001010000
0100001100010000101010000100001111110101111001110000000000011011000101001010000
0100001100010000100100000110001111110101111001110000000000011011000101001010000
0100001100010000010100000110001111110101111001110000000000001011000111001000100
0100001100010000010101010010100111110101111011110000000000001011000101001000000
0110001110010000000001111100100111110101101011110000000000001111000101001010011


0110001110010000010101010100100011110101101011110000000000001111000101001000011
0110001110010000000001011100100111110101101011111000100100101111000101001010011
0110001110010000000001011100000111110101101001110001100000001111000101001010010
0100001100010000000000011000000111110101111001110001110000001011100101001010000
0100001100010000001010011000000111110101111001110001000000011011000101001010000
0100001100010000101010000000001111110101111001110000010000011011100101001010000
0100001100010000100100000100000111110101111001110000000000011011000101001010000
0100001100010000000100000100001111110101111001110000000000001011000101001000000
0100001100010000000100000110001111110101111001110000000000001011000101001000000
0100001100010000010100010110000111110101111001110000000000001011000101001000000
0100001100010000001010011100000111110101111001110000000000011011000101001010000
0100001100010000101010000100001111110101111001110000000000011011000101001010000
0100001100010000100100000110001111110101111001110000000000011011000101001010000
0100001100010000010100000110001111110101111001110000000000001011000111001000100
0100001100010000010101010010100111110101111011110000000000001011000101001000000
0110001110010000000001111100100111110101101011110000000000001111000101001010011
0001110000000001000000001111001011111100100001110100000000001011000101011010000
0100000001110000010100000110001101110000111001110000000000001011000111001000100
0100111100010000010101010011100111110101111011110000000000001011000101011000000
0110001110010000000001111100100111110001101011110000000000001111000101001010011
0011110010000000111011100101001011101101100001110000100000010100000001010010010
0000001100000000100100000110001101111000100000110001100000010011000101001010000
0001000001110000010100000110001001111100101000110000000000001011000111001000100
0100111100010000010101010011100011110101111011110000000000001011000101011000000
0001000001010000010100000010001001101100101000010000110000001011100111000000100
0100101100010000010101010001100011110101111011110000010000001011100101011000000
1100001101000010110100000110001101110100110001110101100000010011000101001010000
0001000001110000010100000110001101111100101000110000000000001011000111001000100

