0100001100010000000100000110001111110101111001110000000000001011000101001000000
0100001100010000010100010110000111110101111001110000000000001011000101001000000
0100001100010000001010011100000111110101111001110000000000011011000101001010000
0100001100010000101010000100001111110101111001110000000000011011000101001010000
0100001100010000100100000110001111110101111001110000000000011011000101001010000
0100001100010000010100000110001111110101111001110000000000001011000111001000100
0100001100010000010101010010100111110101111011110000000000001011000101001000000
0110001110010000000001111100100111110101101011110000000000001111000101001010011
0110001110010000000001011100100111110101101011111000100100101111000101001010011
0110001110010000000001011100000111110101101001110001100000001111000101001010010
0100001100010000000000011000000111110101111001110001110000001011100101001010000
0100001100010000001010011000000111110101111001110001000000011011000101001010000
0100001100010000101010000000001111110101111001110000010000011011100101001010000
0100001100010000100100000100000111110101111001110000000000011011000101001010000
0100001100010000000100000100001111110101111001110000000000001011000101001000000


0001000001010000000000001000001111101100101001110000010000001011100101000010000
0100101100010000000100000101000111110101111001110000000000001011000101011000000
0100001100010000000100000100001111110001111001110000000000001011000101001000000
0100001100010000000100000110001111110101111001110000000000001011000101001000000
0100001100010000010100010110000111110101111001110000000000001011000101001000000
0100001100010000001010011100000111110101111001110000000000011011000101001010000
0100001100010000101010000100001111110101111001110000000000011011000101001010000
0100001100010000100100000110001111110101111001110000000000011011000101001010000
0100001100010000010100000110001111110101111001110000000000001011000111001000100
0100001100010000010101010010100111110101111011110000000000001011000101001000000
0110001110010000000001111100100111110101101011110000000000001111000101001010011
0110001110010000000001011100100111110101101011111000100100101111000101001010011
0110001110010000000001011100000111110101101001110001100000001111000101001010010
0100001100010000000000011000000111110101111001110001110000001011100101001010000
0100001100010000001010011000000111110101111001110001000000011011000101001010000
0100001100010000101010000000001111110101111001110000010000011011100101001010000
0100001100010000100100000100000111110101111001110000000000011011000101001010000
0100001100010000000100000100001111110101111001110000000000001011000101001000000
0001110000010010000010011001000011111100001000110101000000010011000101011010000
0000000001110000101010000000001011111000101001110000010000011011100101001010000
0100111100010000100100000101000111110101111001110000000000011011000101011010000
0000111100010000000010001001000111101101001000110100000000011011000101010010000
0100000000110000101010000000001011110000111001110000010000011011100101001010000
0100011100010000100100000101000111110101111001110000000000011011000101011010000
1001000001010010000100000001001111101100101001110001111111101011111101000000000
0000101101010000000100000001000111111101101000110101010000001011100101011000000
0100000000110000000100000000000011110000111001110000010000001011100101001000000
0100011100010000000100000101000111110101111001110000000000001011000101011000000
0101000000000000011010011011000111110000110001110001100000011011000101001010000
0100001100010001111010000000001101110100111001110001010000011011100101001010000
0101000001110000100100000000000111110101111001110000010000011011100101001010000
0100111100010000000100000101000111110101111001110000000000001011000101011000000
0100001101010010000001001000100111110101111011111000010000001011100101001010000
0110001111010000000101100100000111110101101001110000000000001111000101001000010
0100001100010000000100000100001111110101111001110000100000001011000101001000000
0001010000010011001010001001000011101100101000110100000000010011000101010010000
0000001100010000000100000001000111111001001000110101010000001011100101001000000
0100000000110001000100000000000011110100111001110000010000001011100101001000000
0100001101010000100100000101000011110101111001110000000000010011000101001000000
0000001100010000000100000100001111111101101001110000000000001011000101001000000
0001000000010010001010001001000111111101001000110101000000010011000101001010000
0000000001110000101010000000001011111100101001110000010000011011100101001010000
0001110000010010011010011001000111111100101000110001101111110011011101011010000
0000001101010000101010000001001011111001101001110101010000011011100101001010000
0100000000110001100100000000000111110100111001110000010000011011100101001010000
0000110000010000011010011001000011111101001000110100000000010011000101011010000
0000000000110000101010000000001011111000101001110000010000011011100101001010000
0001000001110010000000001001001111111100001001110000010000001011100101001010000
0100111101010000000100000101000111110101111001110000000000001011000101011000000
1011000011110000011011111000000111101111101100110000100000010111000001000010010
1000111100000000000010001001001011111101100101110001100000011011000101011010000
1100001100010000101010000000001101110000111001110001010000011011100101001010000
1101000001110000100100000000000111110101111001110000010000011011100101001010000
0001000001110010100100000011001011101100001001110000010000011011100001000000000
0100111101000000010100000101000111110101110001110000000000001011000101011000000
0100001100010000000100000100001101110000111001110000000000001011000101001000000
0000000001110000000100000000000011111100101000110001111111100011111101001000000
0000111100010000000100000001000011111101101000110101010000001011100101011000000
1000001100010010011010001001001101111100001100110101000000011011000101001010000
1101000001110000101010000000001011110100111001110000010000011011100101001010000
1100111100010000100100000101000111110101111001110000000000011011000101011010000
0000000000000000011011001000100111111100000010111100000000010011000101001010000
0010000011110000100001100000001001111100101000110000010000011111100101001010010
0100111100010000100100000101000011110101111001110000100000011011000101011010000
0100001100010000000100000100001111110001111001110001000000001011000101001000000
1000000001110000000100000001000111101101101000110000111111101011111101000000000
0000000001000000001010001000000011111000100000110001100000011011000101001010000
0100101100010000101010000001001001110100111001110001010000011011100101011010000
0101000001110000100100000000000111110001111001110000010000011011100101001010000

