0110001110010000000001111100100111110101101011110000000000001111000101001010011
0110001110010000000001011100100111110101101011111000100100101111000101001010011
0110001110010000000001011100000111110101101001110001100000001111000101001010010
0100001100010000000000011000000111110101111001110001110000001011100101001010000
0100001100010000001010011000000111110101111001110001000000011011000101001010000
0100001100010000101010000000001111110101111001110000010000011011100101001010000
0100001100010000100100000100000111110101111001110000000000011011000101001010000
0100001100010000000100000100001111110101111001110000000000001011000101001000000
0100001100010000000100000110001111110101111001110000000000001011000101001000000
0100001100010000010100010110000111110101111001110000000000001011000101001000000
0100001100010000001010011100000111110101111001110000000000011011000101001010000
0100001100010000101010000100001111110101111001110000000000011011000101001010000
0100001100010000100100000110001111110101111001110000000000011011000101001010000
0100001100010000010100000110001111110101111001110000000000001011000111001000100
0100001100010000010101010010100111110101111011110000000000001011000101001000000


0000111101010000010100000111001101111100001000110000000000001011000111011000100
0100001100010000010101010010100011110001111011110000000000001011000101001000000
0110001110010000000001111100100111110101101011110000000000001111000101001010011
0110001110010000000001011100100111110101101011111000100100101111000101001010011
0110001110010000000001011100000111110101101001110001100000001111000101001010010
0100001100010000000000011000000111110101111001110001110000001011100101001010000
0100001100010000001010011000000111110101111001110001000000011011000101001010000
0100001100010000101010000000001111110101111001110000010000011011100101001010000
0100001100010000100100000100000111110101111001110000000000011011000101001010000
0100001100010000000100000100001111110101111001110000000000001011000101001000000
0100001100010000000100000110001111110101111001110000000000001011000101001000000
0100001100010000010100010110000111110101111001110000000000001011000101001000000
0100001100010000001010011100000111110101111001110000000000011011000101001010000
0100001100010000101010000100001111110101111001110000000000011011000101001010000
0100001100010000100100000110001111110101111001110000000000011011000101001010000
0100001100010000010100000110001111110101111001110000000000001011000111001000100
0100001100010000010101010010100111110101111011110000000000001011000101001000000
0110000011000000011011111101100111100100100011111000100100110100000101000010011
0010101110010000100011000101001101111100101000110001100000010111000101011010010
0001000001110000100100000110001011111001101001110001100000011011000101001010000
0100111100010000010100000111001111110101111001110000000000001011000111011000100
0100001100010000010101010010100111110001111011110000000000001011000101001000000
1001100000000000110000000101001101111100100000110001000000010011000101011010000
1001000001110000100100000110001001111000101000110000000000011011000101001010000
0100111100010000010100000111001011110101111001110000000000001011000111011000100
0100111101000000001010011001000111110101000001110100000000010011000101011010000
0000000000010000101010000100001101111000101000110000000000011011000101001010000
0101000001110000100100000110001011110101111001110000000000011011000101001010000
0100000000010010000010011000000111100101111001110000101111110011011001000010000
0000001101000000101010000101001111111101100001110101000000011011000101001010000
0100000000110000100100000110001101110100111001110000000000011011000101001010000
0100011100010000010100000111001111110101111001110000000000001011000111011000100
1001000001110000011010001011001011101111101101110000100000011011000001000010000
1100111100000000011010001101001111110101110101110001000000011011000101011010000
1100001100010000101010000100001101110000111001110000000000011011000101001010000
1101000001110000100100000110001111110101111001110000000000011011000101001010000
0100001100000000101010000100001001110000110001110100100000011011000101001010000
0101000001110000100100000110001101110100111001110000000000011011000101001010000
0101110000010010011011011011100011100101111011111000101111110011011101010010000
0010001111010000110011100101001111111001101001110101000000011111000101001010010
0100000000110001100100000110001111110100111001110000100000011011000101001010000
0101000001100000011010011001000111110000110001110000000000010011000101001010000
0000111100010001101010000101001101111100101000110000000000011011000101011010000
0101000001110000100100000110001011110001111001110000000000011011000101001010000
0110001110000010100001100101101111110101100011111100100100111111000101001010011
0110000011010000100101000110001101110100101001110001100000011111000101001010010
0100101100010000010100000111001111110101111001110001100000001011000111011000100
1010001110010000100001000110101101111100001010111100000000010111000101001010011
1011000011110000110101000110001011111100101001110000100000011111000101001010010
0100111100010000010100000111001111110101111001110001100000001011000111011000100

