0100001101010010001010011000010111110101111001110001000000011011000101001110000
0100001101010010101010000000011111110101111001110000010000011011100101001110000
0100001101010010100100000100010111110101111001110000000000011011000101001110000
0100001101010010000100000100011111110101111001110000000000001011000101001100000
0100001101010010000100000110011111110101111001110000000000001011000101001100000
0100001101010010010100010110010111110101111001110000000000001011000101001100000
0100001101010010001010011100010111110101111001110000000000011011000101001110000
0100001101010010101010000100011111110101111001110000000000011011000101001110000
0100001101010010100100000110011111110101111001110000000000011011000101001110000
0100001101010010010100000110011111110101111001110000000000001011000111001100100
0100001101010010010101010010110111110101111011110000000000001011000101001100000
0110001111010010000001111100110111110101101011110000000000001111000101001110011
0110001111010010000001011100110111110101101011111000100100101111000101001110011
0110001111010010000001011100010111110101101001110001100000001111000101001110010
0100001101010010000000011000010111110101111001110001110000001011100101001110000


0010000010000010000001111000110111111100100010111000010000001111100101001110011
0110001111010010000001011000010001110101101000010000110000001111100101001110010
0100001101010010000000011000010011110101111001110001110000001011100101001110000
0100001101010010001010011000010111110101111001110001000000011011000101001110000
0100001101010010101010000000011111110101111001110000010000011011100101001110000
0100001101010010100100000100010111110101111001110000000000011011000101001110000
0100001101010010000100000100011111110101111001110000000000001011000101001100000
0100001101010010000100000110011111110101111001110000000000001011000101001100000
0100001101010010010100010110010111110101111001110000000000001011000101001100000
0100001101010010001010011100010111110101111001110000000000011011000101001110000
0100001101010010101010000100011111110101111001110000000000011011000101001110000
0100001101010010100100000110011111110101111001110000000000011011000101001110000
0100001101010010010100000110011111110101111001110000000000001011000111001100100
0100001101010010010101010010110111110101111011110000000000001011000101001100000
0110001111010010000001111100110111110101101011110000000000001111000101001110011
0110001111010010000001011100110111110101101011111000100100101111000101001110011
0110001111010010000001011100010111110101101001110001100000001111000101001110010
0100001101010010000000011000010111110101111001110001110000001011100101001110000
1100000000010000010001001000110011110101001011110000010000000011100101001110000
1010001110010010000101100100110111111101101010110000000000001111000101001100011
0110001111010010000101000100111011110101101011111000100100101111000101001100011
0110001111010010000101000110011111110101101001110001100000001111000101001100010
0100001101010010010100010110010111110101111001110001100000001011000101001100000
0010000010000000000001111000110101111000000010011001110000001111100101001110011
0110001110010010000001011000010001110101101000010001110000001111100101001110010
0011000010010000000001111001110111101101101010111001110100100111100101000110011
0010001110010010000001011000010011111101101000110001110000001111100101001110010
0000001101000010000001011000110011111101100010111001010000000011100101001110000
0010001111010010000001111000010001111101101000010000110000001111100101001110010
0101000000010000010101000001110111110000001011110000010000001011100101001100000
0110001110010011000101100100110111110101101011110000000000001111000101001100011
0110001111010010000101000100111111110101101011111000100100101111000101001100011
1100001101010000101011000001110011100101111011110100010000010011100101000110000
1010000010010010100101100100110111111100101010110000000000011111000101001110011
0010001111010000011001011100110111101101001010110000000000001111000001000110011
0110001110000010000001011100110011110101100011111000100100101111000101001110011
0110001111010010000001011100010101110101101000010001100000001111000101001110010
0010001110010010000001111000010101111101101000010001110000001111100101001110010

