0100001101010010010100000110011111110101111001110000000000001011000111001100100
0100001101010010010101010010110111110101111011110000000000001011000101001100000
0110001111010010000001111100110111110101101011110000000000001111000101001110011
0110001111010010000001011100110111110101101011111000100100101111000101001110011
0110001111010010000001011100010111110101101001110001100000001111000101001110010
0100001101010010000000011000010111110101111001110001110000001011100101001110000
0100001101010010001010011000010111110101111001110001000000011011000101001110000
0100001101010010101010000000011111110101111001110000010000011011100101001110000
0100001101010010100100000100010111110101111001110000000000011011000101001110000
0100001101010010000100000100011111110101111001110000000000001011000101001100000
0100001101010010000100000110011111110101111001110000000000001011000101001100000
0100001101010010010100010110010111110101111001110000000000001011000101001100000
0100001101010010001010011100010111110101111001110000000000011011000101001110000
0100001101010010101010000100011111110101111001110000000000011011000101001110000
0100001101010010100100000110011111110101111001110000000000011011000101001110000


1110001110010000011011111000010011110111101101110100000000011111000101001110010
1100000000010010000010001100011111110100111101110000100000011011000101001110000
1100001101010010101010000100011111110101111001110001000000011011000101001110000
1100001101010010100100000110011111110101111001110000000000011011000101001110000
0100001101010010010100000110011111110101111001110000000000001011000111001100100
0100001101010010010101010010110111110101111011110000000000001011000101001100000
0110001111010010000001111100110111110101101011110000000000001111000101001110011
0110001111010010000001011100110111110101101011111000100100101111000101001110011
0110001111010010000001011100010111110101101001110001100000001111000101001110010
0100001101010010000000011000010111110101111001110001110000001011100101001110000
0100001101010010001010011000010111110101111001110001000000011011000101001110000
0100001101010010101010000000011111110101111001110000010000011011100101001110000
0100001101010010100100000100010111110101111001110000000000011011000101001110000
0100001101010010000100000100011111110101111001110000000000001011000101001100000
0100001101010010000100000110011111110101111001110000000000001011000101001100000
0100001101010010010100010110010111110101111001110000000000001011000101001100000
0100001101010010001010011100010111110101111001110000000000011011000101001110000
0100001101010010101010000100011111110101111001110000000000011011000101001110000
0100001101010010100100000110011111110101111001110000000000011011000101001110000
1001000000010000011001011000110011111001101010111000110100100011100101001110000
1010001110010010000001111000010011111101101000110001010000001111100101001110010
1100001101010010000000011000010011110101111001110000110000001011100101001110000
1100001101010010001010011100010111110111111101110001000000011011000101001110000
1100001101010010001010001000011111110101111101110000000000011011000101001110000
1100001101010010101010000100011111110101111001110000000000011011000101001110000
1010001111000000000001011001110011111101100010111001110100100111100101001110011
1010001110010010000001011000010001111101101000010001110000001111100101001110010
1100001101010010000000011000010011110101111001110001110000001011100101001110000
1100001101010010001010011000010111110111111101110001000000011011000101001110000
1010001111000000000001011001010011111001100000110000010000001111100101001110010
1100001100010011000000011000010001110101111000010000110000001011100101001110000
1100001101010010001010011000010011110111111101110001000000011011000101001110000
1010001111010000000001011001010011111101101000110000110000000111100101001110010
1000001100010010000000011000010011111101101000110001110000001011100101001110000
1100001100010000010001011001110011110001111011111000110100101011100101001110000
1110001110010011000001111100010111110101101001110001000000001111000101001110010
1100001101010010000000011000010111110101111001110000110000001011100101001110000

