0100001101010010000000011000010111110101111001110001110000001011100101001110000
0100001101010010001010011000010111110101111001110001000000011011000101001110000
0100001101010010101010000000011111110101111001110000010000011011100101001110000
0100001101010010100100000100010111110101111001110000000000011011000101001110000
0100001101010010000100000100011111110101111001110000000000001011000101001100000
0100001101010010000100000110011111110101111001110000000000001011000101001100000
0100001101010010010100010110010111110101111001110000000000001011000101001100000
0100001101010010001010011100010111110101111001110000000000011011000101001110000
0100001101010010101010000100011111110101111001110000000000011011000101001110000
0100001101010010100100000110011111110101111001110000000000011011000101001110000
0100001101010010010100000110011111110101111001110000000000001011000111001100100
0100001101010010010101010010110111110101111011110000000000001011000101001100000
0110001111010010000001111100110111110101101011110000000000001111000101001110011
0110001111010010000001011100110111110101101011111000100100101111000101001110011
0110001111010010000001011100010111110101101001110001100000001111000101001110010


0110001110000010000001101101111111110101000011110000000000000111000101001110011
0010001111010010000101000110111101111100101010111000100100101111000101001100011
0110001111010010010101010110010011110101101001110001100000001111000101001100010
0100001101010010000000011000010111110101111001110001110000001011100101001110000
0100001101010010001010011000010111110101111001110001000000011011000101001110000
0100001101010010101010000000011111110101111001110000010000011011100101001110000
0100001101010010100100000100010111110101111001110000000000011011000101001110000
0100001101010010000100000100011111110101111001110000000000001011000101001100000
0100001101010010000100000110011111110101111001110000000000001011000101001100000
0100001101010010010100010110010111110101111001110000000000001011000101001100000
0100001101010010001010011100010111110101111001110000000000011011000101001110000
0100001101010010101010000100011111110101111001110000000000011011000101001110000
0100001101010010100100000110011111110101111001110000000000011011000101001110000
0100001101010010010100000110011111110101111001110000000000001011000111001100100
0100001101010010010101010010110111110101111011110000000000001011000101001100000
0110001111010010000001111100110111110101101011110000000000001111000101001110011
0110001111010010000001011100110111110101101011111000100100101111000101001110011
0110001111010010000001011100010111110101101001110001100000001111000101001110010

